Command: /home/yuusha1/esp/idf-tools/python_env/idf6.1_py3.12_env/bin/python /home/yuusha1/esp/idf/esp-idf/tools/idf_monitor.py -p /dev/ttyACM0 -b 115200 --toolchain-prefix xtensa-esp32s3-elf- --target esp32s3 --revision 0 /home/yuusha1/esp/projects/labs/Rep_SE_202601_grupo_Diego_Santiago_Chen/Lab_1/Ejercicio_5/analisis_espectro/build/analisis_espectro.elf /home/yuusha1/esp/projects/labs/Rep_SE_202601_grupo_Diego_Santiago_Chen/Lab_1/Ejercicio_5/analisis_espectro/build/bootloader/bootloader.elf -m '/home/yuusha1/esp/idf-tools/python_env/idf6.1_py3.12_env/bin/python' '/home/yuusha1/esp/idf/esp-idf/tools/idf.py' '-p' '/dev/ttyACM0'
ESP-ROM:esp32s3-20210327
Build:Mar 27 2021
rst:0x15 (USB_UART_CHIP_RESET),boot:0x8 (SPI_FAST_FLASH_BOOT)
Saved PC:0x4037957a
SPIWP:0xee
mode:DIO, clock div:1
load:0x3fce2820,len:0x14f0
load:0x403c8700,len:0xda0
load:0x403cb700,len:0x2f58
entry 0x403c8908
[0;32mI (24) boot: ESP-IDF v6.1-dev-2938-g12f36a021f 2nd stage bootloader[0m
[0;32mI (25) boot: compile time Apr  8 2026 14:46:03[0m
[0;32mI (25) boot: Multicore bootloader[0m
[0;32mI (26) boot: chip revision: v0.2[0m
[0;32mI (29) boot: efuse block revision: v1.4[0m
[0;32mI (33) boot.esp32s3: Boot SPI Speed : 80MHz[0m
[0;32mI (37) boot.esp32s3: SPI Mode       : DIO[0m
[0;32mI (40) boot.esp32s3: SPI Flash Size : 16MB[0m
[0;32mI (44) boot: Enabling RNG early entropy source...[0m
[0;32mI (49) boot: Partition Table:[0m
[0;32mI (51) boot: ## Label            Usage          Type ST Offset   Length[0m
[0;32mI (58) boot:  0 nvs              WiFi data        01 02 00009000 00006000[0m
[0;32mI (64) boot:  1 phy_init         RF data          01 01 0000f000 00001000[0m
[0;32mI (71) boot:  2 factory          factory app      00 00 00010000 00100000[0m
[0;32mI (77) boot: End of partition table[0m
[0;32mI (81) esp_image: segment 0: paddr=00010020 vaddr=3c020020 size=0f458h ( 62552) map[0m
[0;32mI (99) esp_image: segment 1: paddr=0001f480 vaddr=3fc91300 size=00b98h (  2968) load[0m
[0;32mI (100) esp_image: segment 2: paddr=00020020 vaddr=42000020 size=16254h ( 90708) map[0m
[0;32mI (119) esp_image: segment 3: paddr=0003627c vaddr=3fc91e98 size=025e4h (  9700) load[0m
[0;32mI (122) esp_image: segment 4: paddr=00038868 vaddr=40374000 size=0d2e4h ( 53988) load[0m
[0;32mI (135) esp_image: segment 5: paddr=00045b54 vaddr=50000000 size=00024h (    36) load[0m
[0;32mI (141) boot: Loaded app from partition at offset 0x10000[0m
[0;32mI (141) boot: Disabling RNG early entropy source...[0m
[0;32mI (153) cpu_start: Multicore app[0m
[0;32mI (161) cpu_start: GPIO 44 and 43 are used as console UART I/O pins[0m
[0;32mI (162) cpu_start: Pro cpu start user code[0m
[0;32mI (162) cpu_start: cpu freq: 160000000 Hz[0m
[0;32mI (164) app_init: Application information:[0m
[0;32mI (167) app_init: Project name:     analisis_espectro[0m
[0;32mI (172) app_init: App version:      bc6dc7c-dirty[0m
[0;32mI (177) app_init: Compile time:     Apr  8 2026 14:46:06[0m
[0;32mI (182) app_init: ELF file SHA256:  d65aaaa4b...[0m
[0;32mI (186) app_init: ESP-IDF:          v6.1-dev-2938-g12f36a021f[0m
[0;32mI (191) efuse_init: Min chip rev:     v0.0[0m
[0;32mI (195) efuse_init: Max chip rev:     v0.99 [0m
[0;32mI (199) efuse_init: Chip rev:         v0.2[0m
[0;32mI (203) heap_init: Initializing. RAM available for dynamic allocation:[0m
[0;32mI (209) heap_init: At 3FC99690 len 00050080 (320 KiB): RAM[0m
[0;32mI (214) heap_init: At 3FCE9710 len 00005724 (21 KiB): RAM[0m
[0;32mI (220) heap_init: At 3FCF0000 len 00008000 (32 KiB): DRAM[0m
[0;32mI (225) heap_init: At 600FE000 len 00001FE8 (7 KiB): RTCRAM[0m
[0;32mI (231) spi_flash: detected chip: boya[0m
[0;32mI (234) spi_flash: flash io: dio[0m
[0;32mI (237) sleep_gpio: Configure to isolate all GPIO pins in sleep state[0m
[0;32mI (243) sleep_gpio: Enable automatic switching of GPIO sleep configuration[0m
[0;32mI (250) main_task: Started on CPU0[0m
[0;32mI (260) main_task: Calling app_main()[0m
[0;32mI (260) ANALISIS_ESPECTRO: Inicializando analisis de espectro[0m
[0;32mI (260) ANALISIS_ESPECTRO: fs=16000 Hz, FFT=1024, periodo=1000 ms, export CSV por serial[0m
[0;32mI (280) main_task: Returned from app_main()[0m
SPECTRUM_CFG,16000,1024,512,15.625000,hann
SPECTRUM_FRAME,1.006349,3906.250000,-11.379042,hann,512,-36.652130,-18.068756,-13.160637,-11.653372,-13.667621,-14.632111,-13.504075,-15.924421,-17.615644,-17.211075,-20.666714,-23.400324,-24.750355,-32.265804,-35.812080,-26.137165,-23.104679,-24.529943,-19.208408,-17.547802,-19.998901,-16.460354,-15.196617,-18.240917,-15.801344,-14.524023,-17.896299,-16.636917,-15.077332,-18.304110,-18.558634,-16.470005,-18.630293,-19.897432,-17.533243,-18.064228,-18.454031,-16.699814,-16.875637,-16.296240,-14.958689,-15.916368,-15.100061,-13.808767,-15.712151,-15.164442,-13.744626,-16.597231,-16.727236,-15.059555,-19.112370,-20.644875,-18.515553,-24.782152,-31.319235,-28.121750,-27.678072,-24.731842,-25.945194,-19.428270,-17.917593,-17.394276,-15.123556,-14.841148,-13.905264,-12.817570,-13.487846,-12.391312,-11.787092,-13.345823,-12.225100,-11.811390,-14.303055,-13.305347,-12.903919,-16.481379,-15.882517,-15.303753,-20.217617,-20.935608,-19.603306,-24.709368,-31.628683,-24.923800,-23.103857,-24.670021,-21.585560,-19.647665,-20.019739,-17.922899,-17.802113,-18.749603,-16.459387,-17.198126,-19.560961,-16.649492,-17.325932,-21.835522,-18.220337,-17.459801,-22.211948,-20.180550,-16.810287,-18.785168,-19.385456,-15.464392,-15.819669,-16.632122,-14.172724,-14.214511,-14.629245,-13.443535,-13.875484,-13.865294,-13.520737,-14.848597,-14.412290,-14.636045,-17.585447,-16.585222,-17.282269,-24.090975,-21.514589,-23.095921,-33.829502,-28.551664,-32.643089,-20.077152,-20.269461,-20.556786,-15.535226,-15.703792,-15.819656,-13.360031,-13.603413,-13.561193,-12.515393,-13.031876,-12.742928,-12.676136,-13.759975,-13.096143,-13.730307,-15.906643,-14.660382,-15.609626,-19.921673,-17.775843,-17.986204,-24.725498,-23.140511,-19.595978,-21.991396,-26.239536,-19.292536,-18.659996,-21.818298,-18.389885,-17.467457,-19.555025,-18.134462,-18.049633,-19.615635,-18.798697,-20.114117,-21.892950,-20.005630,-21.394459,-25.076902,-20.186760,-18.483280,-21.542656,-18.298866,-15.150079,-17.025265,-15.997123,-13.042936,-14.383244,-14.393486,-12.098234,-13.225717,-13.713985,-12.224802,-13.377810,-14.043076,-13.502513,-15.003027,-15.602133,-16.330425,-18.947929,-19.069159,-22.151760,-30.137821,-27.227402,-32.441738,-23.935902,-27.413677,-21.149836,-16.812563,-19.125528,-16.576933,-13.773189,-15.655552,-14.522649,-12.550145,-14.190779,-13.858862,-12.606266,-14.104834,-14.224430,-13.795090,-15.291538,-15.461006,-16.016922,-17.891762,-17.363985,-18.440907,-21.707203,-19.291134,-18.616505,-22.586967,-20.115698,-17.006289,-19.669268,-19.926811,-15.998732,-17.868319,-20.035078,-16.322187,-17.850111,-21.374115,-18.339905,-19.773365,-24.592543,-22.675816,-23.467987,-27.024153,-24.525436,-21.905481,-22.016275,-18.856140,-16.835722,-17.675583,-15.118881,-13.596120,-15.090360,-13.170244,-11.881732,-13.800921,-12.499344,-11.379042,-13.629097,-12.946897,-12.038392,-14.645155,-14.611128,-14.091826,-17.290869,-18.003601,-18.435946,-23.343716,-25.301229,-30.264742,-39.070381,-34.864754,-23.997952,-20.963375,-21.827335,-17.238598,-16.166077,-17.922958,-14.579967,-14.004459,-16.379364,-13.776373,-13.327253,-16.185295,-14.307375,-13.809914,-16.951546,-15.981653,-15.303079,-18.256622,-18.276325,-17.314577,-19.226498,-19.189241,-18.117697,-19.052502,-17.855534,-16.883991,-18.329210,-16.567856,-15.551580,-18.097017,-16.471226,-15.263506,-18.968159,-18.016914,-16.451757,-21.478050,-22.344419,-19.885525,-25.472103,-40.567680,-27.489559,-23.072748,-23.772865,-22.580349,-17.901917,-17.467758,-16.405134,-14.597158,-14.568834,-13.325449,-12.707855,-13.326106,-11.923751,-11.911627,-13.311069,-11.778402,-12.120417,-14.489977,-12.848989,-13.439679,-17.178495,-15.436649,-16.284035,-22.590260,-20.733490,-21.975254,-33.921925,-40.256729,-28.955547,-23.423109,-23.794155,-20.512062,-18.554609,-18.538504,-16.432001,-16.414171,-16.800459,-14.743454,-15.670408,-16.945684,-14.551828,-15.794031,-18.549431,-15.560503,-16.301147,-20.683422,-17.411211,-16.533304,-20.284979,-18.671009,-16.073997,-17.792065,-17.659067,-15.286892,-16.007494,-15.967505,-14.803799,-15.541056,-15.142718,-15.054421,-16.577635,-15.639342,-16.393791,-19.794617,-17.942732,-19.434292,-28.913837,-23.836151,-25.379381,-27.014622,-31.917759,-24.465141,-18.263678,-19.922903,-18.092197,-14.518673,-15.358211,-14.583030,-12.678518,-13.243972,-12.761973,-12.060596,-12.626867,-12.139663,-12.460719,-13.303050,-12.591624,-13.881191,-15.460238,-14.233452,-16.476295,-19.999203,-17.554533,-20.316584,-31.810486,-24.305601,-22.865221,-25.178535,-31.040817,-20.520842,-19.117683,-21.813034,-18.056730,-16.965977,-18.469482,-16.876753,-16.743835,-17.645641,-16.729589,-17.843193,-18.572765,-17.196056,-19.140244,-20.754358,-17.554804,-18.257360,-21.489788,-17.046949,-15.820102,-18.743284,-15.878193,-13.894932,-16.110271,-14.849804,-13.004147,-14.795124,-14.472922,-13.227855,-14.873085,-15.031028,-14.753462,-16.602098,-16.894611,-18.233711,-21.150349,-21.080074,-26.430571,-35.375961,-34.030308,-26.371872,-21.565220,-25.002901,-18.183174,-15.738340,-18.027998,-14.656322,-13.007471,-14.927567,-13.021345,-11.884985,-13.586220,-12.597662,-11.986947,-13.529156,-13.171082,-13.275880,-14.726992,-14.712548,-15.940499,-17.519533,-17.269829,-20.096930,-23.053600,-20.598230,-22.178431,-29.454906,-22.657494,-19.152430,-22.348526,-21.713654,-16.941761,-18.769196,-20.548870,-16.426502,-17.711548,-20.506104,-17.445084,-18.400324,-21.492294,-19.659098,-20.184097,-22.221867,-20.525045,-20.238104,-20.626820,-17.754843,-17.212984,-17.944859,-14.891855,-14.393363,-15.887165,-13.197502,-12.747245,-14.821649,-12.647858,-12.274776,-14.819300,-13.221540,-13.026512,-16.074894,-15.113682,-15.359751,-19.247034,-19.070427,-20.681263,-27.400114,-28.964071
[0;32mI (1720) ANALISIS_ESPECTRO: Frame exportado | t=1.01 s | pico=3906.2 Hz | -11.4 dB[0m
SPECTRUM_FRAME,2.028702,125.000000,-14.163333,hann,512,-23.318806,-12.591395,-15.100782,-13.936909,-16.606956,-14.413692,-14.652988,-16.529701,-14.163333,-15.666792,-15.939941,-14.437393,-16.588438,-15.364759,-15.229820,-16.927116,-15.177785,-16.412294,-16.635607,-15.550810,-17.600201,-16.198589,-16.549376,-18.166630,-16.085751,-18.129887,-17.911396,-16.557470,-19.918653,-17.395870,-17.764652,-20.893894,-17.214842,-19.807741,-20.439342,-17.683990,-22.514614,-19.522327,-18.989761,-24.361002,-19.079405,-21.298744,-23.475864,-19.462603,-24.490505,-21.833191,-20.828531,-26.282776,-21.003242,-23.232033,-24.412209,-21.252907,-25.753803,-22.299446,-22.591293,-25.169783,-21.324835,-24.650972,-22.583590,-21.513256,-25.344095,-20.694923,-22.753445,-23.191452,-19.883831,-24.489517,-20.729923,-20.076551,-24.672384,-19.135715,-21.174906,-22.533314,-18.469393,-22.825348,-20.265991,-18.656307,-23.703058,-18.800901,-19.612671,-22.549524,-18.206360,-21.094215,-20.688066,-18.429783,-22.281815,-19.364210,-19.405113,-22.046850,-18.868366,-20.924263,-20.817402,-19.236601,-22.252640,-19.777174,-20.481665,-22.250809,-19.455048,-22.506233,-21.172684,-20.028326,-24.477423,-20.210217,-21.653978,-24.435816,-19.964371,-24.551342,-22.804148,-20.662354,-28.214968,-21.492912,-22.535500,-28.058098,-21.132263,-26.004620,-24.963074,-21.872295,-30.642345,-22.965776,-23.879717,-28.936636,-22.337702,-27.122021,-24.939438,-22.924870,-28.454058,-22.755529,-24.490364,-25.186649,-22.012844,-25.742790,-22.216036,-22.361736,-24.300043,-20.539854,-23.321857,-21.557827,-19.941185,-23.607021,-19.398401,-20.204239,-22.064028,-18.111313,-21.004412,-19.807571,-17.617887,-21.551950,-17.971916,-17.799118,-20.860806,-16.823875,-18.457796,-19.231871,-16.346651,-19.156502,-17.654119,-16.460180,-19.217436,-16.589849,-17.017906,-18.415684,-16.131994,-17.712860,-17.305557,-16.253645,-18.044807,-16.445614,-16.856241,-17.691330,-16.079462,-17.699718,-16.921738,-16.274254,-18.316481,-16.230772,-17.014572,-18.252748,-15.927206,-18.175465,-17.621277,-16.141571,-19.379528,-16.940807,-16.918489,-19.963932,-16.599665,-18.235792,-19.646528,-16.775562,-19.908358,-18.975180,-17.543570,-21.366035,-18.566566,-18.928640,-21.838772,-18.724508,-20.850159,-21.454155,-19.588881,-22.864658,-21.070122,-21.269903,-23.954933,-21.259758,-23.858654,-23.754475,-22.307264,-27.041805,-23.289021,-24.507992,-28.679348,-23.410225,-28.532001,-27.500601,-24.499821,-36.826668,-26.225012,-26.918880,-39.051926,-26.071087,-31.487125,-31.394482,-27.316368,-39.272350,-28.782251,-30.497120,-34.894753,-28.487585,-37.845325,-30.289192,-30.156298,-41.138035,-28.540108,-34.488983,-32.161362,-28.635082,-39.731628,-28.688393,-30.406368,-32.953449,-27.433819,-33.670086,-28.446438,-27.731245,-34.147652,-26.170786,-29.585419,-30.090374,-25.304989,-33.449715,-26.943073,-25.584795,-37.598312,-25.180502,-27.025860,-33.413822,-24.523682,-29.943981,-29.441677,-24.837589,-35.364014,-27.394497,-26.133373,-43.764351,-26.723822,-28.591927,-37.211189,-27.207760,-32.740074,-33.358147,-28.859814,-40.392994,-32.227634,-31.889238,-51.386620,-32.734676,-36.407192,-41.221889,-33.908401,-39.056248,-38.826405,-33.527092,-37.050713,-37.406487,-31.181696,-36.299118,-34.047131,-28.991766,-38.719330,-30.248745,-27.757456,-50.655003,-27.337828,-27.568104,-39.012356,-25.416889,-28.428993,-31.399036,-24.375181,-30.157139,-27.391102,-24.119335,-31.250021,-25.021193,-24.559811,-29.377432,-23.729410,-25.478773,-26.460505,-23.286741,-26.223572,-24.225971,-23.568012,-25.805321,-22.861593,-24.413322,-24.299612,-22.284410,-25.391294,-22.680954,-22.421597,-25.614967,-21.495815,-23.213293,-24.616829,-20.882183,-24.517639,-23.117867,-20.849464,-25.846498,-21.853153,-21.376970,-26.205540,-21.086195,-22.411545,-25.254498,-20.863668,-23.779953,-23.899565,-21.172848,-24.998989,-22.854471,-21.975037,-25.327766,-22.334179,-23.165339,-24.645710,-22.367409,-24.445339,-23.631256,-22.942209,-25.203575,-22.828964,-24.027769,-24.943501,-22.439049,-25.506962,-23.979832,-22.511339,-26.952988,-22.944595,-23.057812,-27.450958,-22.186804,-24.077215,-26.564651,-21.825809,-25.502512,-25.094252,-21.897392,-26.995678,-23.799126,-22.411953,-27.679684,-22.952692,-23.346085,-26.935028,-22.622499,-24.557102,-25.503796,-22.826786,-25.599171,-24.263399,-23.564232,-25.772943,-23.556746,-24.758419,-24.977531,-23.483986,-26.062586,-23.906094,-24.098303,-26.654411,-23.139206,-25.453070,-26.005901,-22.926090,-27.510546,-24.800358,-23.379011,-29.608839,-23.847105,-24.599314,-29.862534,-23.489847,-26.719643,-28.267216,-23.857986,-29.766239,-26.768599,-25.058392,-32.490639,-26.120052,-27.239082,-31.867958,-26.476524,-30.418026,-29.908745,-27.975624,-32.918503,-28.933308,-30.811584,-31.545668,-29.326328,-33.933903,-29.302853,-31.316853,-32.258781,-28.199635,-34.956886,-28.724941,-28.395325,-34.915470,-26.428642,-29.914200,-30.070904,-25.333014,-32.380604,-26.579676,-25.220692,-32.497116,-24.499454,-25.905701,-29.067762,-23.442707,-26.972538,-25.991573,-23.174599,-27.357843,-24.013725,-23.488930,-26.227789,-22.964314,-24.043444,-24.449568,-22.667658,-24.250639,-22.990835,-22.953938,-23.665096,-22.152443,-23.544121,-22.565102,-21.964493,-23.932102,-21.524103,-22.382242,-23.619814,-20.876276,-23.282845,-22.710384,-20.739973,-24.338890,-21.736813,-21.139391,-24.925606,-21.084080,-22.044476,-24.620752,-20.909710,-23.327864,-23.819408,-21.259344,-24.644564,-23.147688,-22.127094,-25.425880,-22.936852,-23.443226,-25.415659,-23.307364,-24.984362,-25.044384,-24.306948,-26.260778,-24.842709,-25.958769,-26.757565,-25.067827,-28.223028,-26.565041,-25.777878,-30.779247,-26.193583,-26.922056,-32.588928,-25.950518,-28.367491,-32.603718,-25.864971,-29.929502,-31.435110
[0;32mI (2740) ANALISIS_ESPECTRO: Frame exportado | t=2.03 s | pico=125.0 Hz | -14.2 dB[0m
SPECTRUM_FRAME,3.051077,6515.625000,-25.773571,hann,512,-21.574514,-19.871775,-26.908264,-26.051556,-27.506227,-26.361492,-26.842438,-27.048101,-26.057362,-27.643660,-26.431868,-26.184425,-27.835144,-26.085487,-26.738583,-27.257452,-26.132980,-27.394535,-26.428253,-26.492672,-27.622349,-25.925098,-26.998230,-27.236862,-26.000917,-27.363182,-26.568123,-26.586874,-27.286032,-26.040228,-27.337358,-26.855480,-25.941294,-27.725086,-26.453648,-26.352274,-27.416393,-26.298927,-27.064041,-26.681299,-26.403944,-27.586012,-26.086035,-26.714773,-27.511753,-25.972826,-27.085875,-26.950031,-26.352547,-27.239704,-26.337137,-26.975723,-27.040909,-26.052727,-27.436089,-26.689253,-26.257256,-27.394781,-26.425955,-26.833860,-26.909435,-26.351631,-27.391857,-26.400417,-26.494398,-27.492905,-26.222839,-26.799034,-27.071590,-26.442440,-27.064354,-26.480831,-26.875477,-27.090984,-26.128151,-27.217136,-26.907578,-26.219429,-27.214863,-26.676563,-26.687931,-26.872173,-26.523537,-27.211782,-26.477909,-26.533596,-27.391024,-26.331310,-26.714508,-27.097477,-26.509640,-26.928482,-26.596581,-26.862337,-26.993597,-26.269865,-27.131605,-26.879211,-26.333878,-27.114208,-26.691034,-26.739365,-26.820429,-26.551399,-27.188061,-26.494022,-26.563589,-27.309639,-26.393017,-26.745651,-26.992968,-26.583015,-26.959438,-26.500923,-26.921844,-27.016319,-26.208094,-27.167624,-26.878622,-26.327774,-27.121223,-26.655479,-26.805182,-26.785912,-26.490143,-27.318018,-26.412750,-26.514538,-27.449982,-26.280010,-26.757465,-27.069916,-26.473518,-27.045090,-26.478970,-26.871016,-27.113543,-26.103474,-27.235754,-26.895903,-26.191803,-27.314602,-26.554564,-26.712948,-27.010050,-26.303535,-27.341356,-26.545923,-26.326328,-27.582731,-26.260698,-26.685316,-27.198603,-26.306194,-27.189768,-26.495029,-26.622311,-27.441711,-25.982666,-27.041052,-27.221138,-25.979221,-27.313042,-26.705904,-26.507814,-27.184542,-26.225374,-27.290859,-26.720984,-26.064098,-27.797215,-26.294153,-26.365211,-27.588957,-26.162786,-27.002832,-26.833481,-26.351429,-27.524691,-26.116220,-26.774843,-27.472805,-25.869560,-27.257175,-26.900518,-26.197308,-27.462912,-26.238274,-26.913195,-27.180634,-25.888903,-27.580671,-26.666182,-26.075600,-27.675306,-26.282175,-26.762856,-27.082016,-26.175556,-27.564045,-26.301071,-26.373186,-27.857990,-25.875015,-26.830109,-27.394516,-26.009247,-27.288668,-26.576172,-26.601236,-27.345562,-25.952362,-27.328375,-26.956299,-25.860058,-27.726357,-26.469259,-26.356567,-27.460461,-26.160328,-27.178936,-26.759369,-26.158190,-27.750336,-26.179813,-26.513721,-27.578783,-26.043871,-27.092014,-26.834274,-26.343941,-27.492180,-26.104580,-26.876238,-27.387367,-25.832191,-27.331947,-26.915604,-26.153765,-27.373360,-26.411999,-26.902321,-26.945822,-26.131542,-27.613867,-26.426840,-26.230976,-27.741892,-26.187429,-26.689779,-27.195774,-26.308971,-27.213940,-26.451092,-26.669430,-27.391430,-26.016430,-27.071550,-27.110918,-26.109356,-27.272158,-26.620876,-26.640007,-27.112791,-26.238033,-27.257050,-26.749289,-26.190374,-27.501091,-26.482744,-26.527687,-27.179768,-26.444508,-27.047718,-26.587523,-26.590446,-27.373407,-26.181059,-26.819199,-27.267815,-26.209471,-26.989639,-26.844944,-26.627483,-26.962086,-26.415178,-27.144308,-26.771906,-26.255592,-27.376604,-26.606274,-26.463104,-27.144463,-26.577229,-26.888634,-26.658440,-26.668522,-27.206291,-26.304895,-26.819536,-27.169054,-26.321383,-26.936903,-26.828197,-26.677593,-26.913792,-26.457041,-27.110975,-26.764925,-26.329781,-27.279789,-26.629051,-26.548290,-27.034286,-26.599379,-26.965366,-26.576775,-26.676708,-27.252958,-26.269167,-26.824394,-27.164316,-26.335707,-26.950195,-26.765232,-26.742424,-26.924932,-26.355526,-27.220545,-26.749813,-26.231522,-27.406902,-26.576332,-26.504467,-27.122881,-26.520956,-27.012684,-26.576330,-26.610643,-27.370407,-26.170149,-26.832272,-27.266838,-26.167580,-27.079865,-26.779930,-26.566429,-27.136887,-26.274641,-27.126093,-26.915703,-26.101189,-27.466002,-26.587210,-26.408302,-27.297171,-26.351715,-27.053698,-26.734356,-26.318748,-27.593861,-26.216888,-26.545593,-27.559811,-26.087114,-26.962669,-26.955677,-26.401842,-27.274525,-26.238127,-26.978481,-27.194433,-25.866051,-27.482662,-26.809628,-26.060040,-27.539690,-26.405743,-26.746119,-27.050800,-26.194172,-27.518461,-26.398277,-26.315897,-27.774052,-26.029894,-26.790304,-27.279766,-26.106468,-27.356655,-26.465719,-26.539183,-27.543255,-25.907719,-27.106066,-27.181644,-25.920496,-27.469727,-26.570961,-26.508730,-27.310610,-26.075602,-27.364233,-26.755144,-25.955513,-27.897491,-26.271639,-26.325521,-27.633263,-26.139204,-27.031019,-26.794491,-26.358606,-27.583525,-26.027569,-26.812992,-27.523243,-25.773571,-27.298357,-26.947777,-26.126171,-27.465675,-26.298151,-26.883852,-27.131771,-25.956196,-27.585609,-26.596516,-26.128752,-27.694843,-26.231358,-26.771353,-27.119539,-26.164732,-27.502909,-26.370220,-26.390190,-27.748758,-25.972897,-26.830635,-27.306488,-26.115280,-27.234375,-26.553915,-26.676710,-27.270746,-25.990593,-27.318893,-26.945898,-25.922604,-27.605759,-26.563362,-26.388348,-27.298092,-26.335190,-27.122257,-26.659599,-26.345463,-27.607611,-26.182041,-26.616938,-27.461481,-26.131556,-27.022123,-26.848328,-26.468431,-27.260384,-26.253735,-26.954098,-27.146683,-26.052389,-27.274044,-26.811926,-26.348581,-27.197254,-26.481123,-26.956963,-26.803143,-26.320440,-27.453144,-26.437870,-26.427330,-27.443541,-26.361734,-26.752474,-26.955278,-26.577681,-27.063511,-26.392471,-26.906418,-27.130184,-26.140184,-27.122499,-26.945511,-26.336693,-27.067265,-26.664917,-26.839165,-26.780050,-26.469509,-27.283264,-26.503813,-26.495506,-27.315353,-26.450684,-26.734695,-26.924713,-26.632139,-26.996788,-26.449005,-26.899750,-27.064829
[0;32mI (3760) ANALISIS_ESPECTRO: Frame exportado | t=3.05 s | pico=6515.6 Hz | -25.8 dB[0m
SPECTRUM_FRAME,4.073402,671.875000,-27.029106,hann,512,-40.953842,-27.344034,-27.569195,-27.157764,-28.144529,-27.210056,-27.491138,-28.015842,-27.034248,-27.886993,-27.654772,-27.111128,-28.130581,-27.272558,-27.412479,-28.065956,-27.050388,-27.812225,-27.736301,-27.075348,-28.103638,-27.341236,-27.338266,-28.105040,-27.076624,-27.732964,-27.815437,-27.049486,-28.064108,-27.415678,-27.269772,-28.131474,-27.112896,-27.651241,-27.889978,-27.033987,-28.013344,-27.494328,-27.208122,-28.144653,-27.158575,-27.568855,-27.958111,-27.029106,-27.952713,-27.575693,-27.154442,-28.144058,-27.212975,-27.487656,-28.017971,-27.034878,-27.883987,-27.658083,-27.109497,-28.129787,-27.275223,-27.409296,-28.067860,-27.051249,-27.808975,-27.739693,-27.074062,-28.102219,-27.344261,-27.335308,-28.106363,-27.077946,-27.729599,-27.818638,-27.048624,-28.062231,-27.418873,-27.267059,-28.132290,-27.114611,-27.647785,-27.892963,-27.033587,-28.010998,-27.497673,-27.205734,-28.144896,-27.160675,-27.565424,-27.960781,-27.029131,-27.950024,-27.579115,-27.152386,-28.143732,-27.215425,-27.484318,-28.020250,-27.035355,-27.880985,-27.661514,-27.107840,-28.128889,-27.277969,-27.406105,-28.069708,-27.052153,-27.805752,-27.743046,-27.072811,-28.100786,-27.347261,-27.332325,-28.107698,-27.079292,-27.726231,-27.821835,-27.047794,-28.060312,-27.422085,-27.264339,-28.133089,-27.116346,-27.644369,-27.895929,-27.033192,-28.008635,-27.501030,-27.203342,-28.145113,-27.162788,-27.562019,-27.963444,-27.029186,-27.947283,-27.582546,-27.150335,-28.143394,-27.217880,-27.480999,-28.022520,-27.035856,-27.877951,-27.664938,-27.106171,-28.127975,-27.280739,-27.402937,-28.071526,-27.053082,-27.802509,-27.746403,-27.071545,-28.099337,-27.350281,-27.329388,-28.109009,-27.080643,-27.722847,-27.825031,-27.046970,-28.058365,-27.425304,-27.261665,-28.133867,-27.118109,-27.640924,-27.898891,-27.032803,-28.006266,-27.504379,-27.200977,-28.145313,-27.164928,-27.558596,-27.966078,-27.029238,-27.944542,-27.585981,-27.148319,-28.143017,-27.220354,-27.477673,-28.024778,-27.036346,-27.874916,-27.668364,-27.104553,-28.127037,-27.283514,-27.399769,-28.073330,-27.054022,-27.799252,-27.749748,-27.070330,-28.097876,-27.353315,-27.326429,-28.110306,-27.082001,-27.719471,-27.828213,-27.046183,-28.056402,-27.428535,-27.258978,-28.134611,-27.119864,-27.637489,-27.901844,-27.032444,-28.003868,-27.507746,-27.198616,-28.145496,-27.167055,-27.555183,-27.968704,-27.029341,-27.941780,-27.589413,-27.146305,-28.142626,-27.222836,-27.474344,-28.027018,-27.036886,-27.871876,-27.671797,-27.102924,-28.126083,-27.286289,-27.396618,-28.075106,-27.054996,-27.795994,-27.753103,-27.069109,-28.096380,-27.356339,-27.323492,-28.111589,-27.083387,-27.716082,-27.831394,-27.045399,-28.054428,-27.431751,-27.256313,-28.135338,-27.121668,-27.634048,-27.904781,-27.032097,-28.001469,-27.511108,-27.196257,-28.145655,-27.169226,-27.551783,-27.971327,-27.029430,-27.939014,-27.592831,-27.144320,-28.142204,-27.225342,-27.471031,-28.029247,-27.037422,-27.868814,-27.675207,-27.101318,-28.125113,-27.289085,-27.393465,-28.076870,-27.055973,-27.792736,-27.756416,-27.067917,-28.094868,-27.359402,-27.320560,-28.112841,-27.084785,-27.712696,-27.834564,-27.044622,-28.052433,-27.434999,-27.253666,-28.136045,-27.123455,-27.630615,-27.907694,-27.031776,-27.999039,-27.514488,-27.193924,-28.145800,-27.171391,-27.548368,-27.973911,-27.029551,-27.936241,-27.596266,-27.142342,-28.141768,-27.227850,-27.467728,-28.031427,-27.037983,-27.865749,-27.678646,-27.099726,-28.124111,-27.291887,-27.390327,-28.078606,-27.056961,-27.789467,-27.759762,-27.066746,-28.093346,-27.362442,-27.317648,-28.114059,-27.086205,-27.709297,-27.837732,-27.043877,-28.050430,-27.438236,-27.251022,-28.136713,-27.125273,-27.627186,-27.910606,-27.031467,-27.996601,-27.517860,-27.191610,-28.145887,-27.173576,-27.544966,-27.976515,-27.029686,-27.933447,-27.599695,-27.140387,-28.141298,-27.230366,-27.464428,-28.033621,-27.038570,-27.862682,-27.682055,-27.098158,-28.123074,-27.294710,-27.387190,-28.080339,-27.057974,-27.786201,-27.763077,-27.065584,-28.091782,-27.365503,-27.314751,-28.115269,-27.087635,-27.705908,-27.840881,-27.043154,-28.048374,-27.441486,-27.248394,-28.137386,-27.127102,-27.623753,-27.913502,-27.031183,-27.994141,-27.521227,-27.189304,-28.145983,-27.175785,-27.541573,-27.979069,-27.029846,-27.930626,-27.603132,-27.138439,-28.140820,-27.232903,-27.461145,-28.035776,-27.039165,-27.859583,-27.685469,-27.096613,-28.122028,-27.297535,-27.384071,-28.082035,-27.059011,-27.782900,-27.766396,-27.064442,-28.090225,-27.368572,-27.311859,-28.116446,-27.089092,-27.702505,-27.844017,-27.042444,-28.046333,-27.444752,-27.245789,-28.138006,-27.128954,-27.620306,-27.916391,-27.030910,-27.991680,-27.524605,-27.187027,-28.146034,-27.177994,-27.538164,-27.981621,-27.030029,-27.927809,-27.606564,-27.136513,-28.140301,-27.235453,-27.457838,-28.037926,-27.039785,-27.856510,-27.688877,-27.095079,-28.120955,-27.300381,-27.380953,-28.083704,-27.060066,-27.779625,-27.769714,-27.063332,-28.088617,-27.371656,-27.308964,-28.117611,-27.090557,-27.699116,-27.847147,-27.041763,-28.044252,-27.448009,-27.243176,-28.138615,-27.130829,-27.616875,-27.919258,-27.030666,-27.989189,-27.527996,-27.184734,-28.146069,-27.180229,-27.534788,-27.984152,-27.030228,-27.924967,-27.610004,-27.134594,-28.139755,-27.238018,-27.454567,-28.040056,-27.040428,-27.853392,-27.692289,-27.093548,-28.119867,-27.303228,-27.377855,-28.085358,-27.061148,-27.776320,-27.773018,-27.062214,-28.087002,-27.374756,-27.306095,-28.118746,-27.092049,-27.695705,-27.850275,-27.041073,-28.042162,-27.451279,-27.240604,-28.139194,-27.132711,-27.613432,-27.922125,-27.030430,-27.986677,-27.531384,-27.182486
[0;32mI (4790) ANALISIS_ESPECTRO: Frame exportado | t=4.07 s | pico=671.9 Hz | -27.0 dB[0m
SPECTRUM_FRAME,5.095797,500.000000,-6.420784,hann,512,-25.812445,-18.700941,-11.440648,-6.222901,-8.979007,-13.050053,-7.257298,-8.609017,-14.175716,-8.958520,-8.778902,-14.500903,-11.216993,-9.264894,-14.117070,-13.674143,-9.694632,-12.949939,-15.531858,-9.779886,-11.107729,-15.865301,-9.631131,-9.169033,-14.574285,-9.601490,-7.627857,-12.502498,-9.924524,-6.693116,-10.519821,-10.580506,-6.420784,-9.062714,-11.289328,-6.813146,-8.273405,-11.675329,-7.847030,-8.170841,-11.674253,-9.453347,-8.709370,-11.569330,-11.444790,-9.746743,-11.523055,-13.392821,-10.946713,-11.324249,-14.586530,-11.792549,-10.639514,-14.410393,-12.020903,-9.547277,-13.009541,-11.892805,-8.486803,-11.161431,-11.694324,-7.805524,-9.523198,-11.417358,-7.643771,-8.406091,-10.961886,-8.008224,-7.918838,-10.414443,-8.816620,-8.088791,-10.017034,-9.904193,-8.906265,-9.955364,-11.048594,-10.311080,-10.236007,-12.044764,-12.108525,-10.638493,-12.709295,-13.804025,-10.777494,-12.757309,-14.623432,-10.445894,-11.989048,-14.208256,-9.861604,-10.726384,-12.980759,-9.360815,-9.535908,-11.520329,-9.096400,-8.775064,-10.231548,-9.036251,-8.578766,-9.354776,-9.075916,-8.966078,-9.012126,-9.164043,-9.887700,-9.243210,-9.358814,-11.220361,-10.007374,-9.756976,-12.736784,-11.130500,-10.352591,-14.068392,-12.222070,-10.915418,-14.659016,-12.783989,-11.063311,-14.003106,-12.647452,-10.696815,-12.372342,-12.029291,-10.178985,-10.583900,-11.131487,-9.910005,-9.184580,-10.090088,-10.058242,-8.385905,-9.102394,-10.570515,-8.251177,-8.390434,-11.229306,-8.792343,-8.111174,-11.793736,-9.988796,-8.324921,-12.232269,-11.747463,-8.978355,-12.707884,-13.782898,-9.860022,-13.191341,-15.439929,-10.606837,-13.127459,-15.830080,-10.964790,-12.019658,-14.679547,-11.076789,-10.400773,-12.670301,-11.239251,-9.053287,-10.626174,-11.495218,-8.332516,-9.010943,-11.557425,-8.334023,-8.005138,-11.168307,-9.065680,-7.659484,-10.543472,-10.480616,-7.967288,-10.147926,-12.402681,-8.866302,-10.285049,-14.349236,-10.181861,-10.979766,-15.507473,-11.555166,-11.843375,-15.335654,-12.571543,-12.013450,-13.976088,-13.139378,-11.164433,-11.991341,-13.384146,-10.092312,-10.032654,-13.113253,-9.501690,-8.522751,-12.060624,-9.637753,-7.642303,-10.601645,-10.517065,-7.452258,-9.376146,-11.979781,-7.971396,-8.746211,-13.539344,-9.195562,-8.833855,-14.430800,-11.063828,-9.623967,-14.429358,-13.345967,-10.899282,-13.926306,-15.478775,-12.021340,-13.000795,-16.672237,-12.216166,-11.581858,-16.384563,-11.717410,-9.986485,-14.685636,-11.363984,-8.671296,-12.425097,-11.567919,-7.907043,-10.447304,-12.267753,-7.800579,-9.124988,-13.007862,-8.385279,-8.563601,-13.204458,-9.657085,-8.784557,-12.877594,-11.549309,-9.775133,-12.566118,-13.823915,-11.425529,-12.545540,-15.874597,-13.287401,-12.578266,-16.744217,-14.398685,-12.145505,-15.916214,-14.347034,-11.148392,-13.978447,-13.898358,-10.080379,-11.889129,-13.542610,-9.398144,-10.227081,-13.123046,-9.288010,-9.217568,-12.416981,-9.761382,-8.933755,-11.597404,-10.712732,-9.406418,-11.044855,-11.915059,-10.661091,-11.010427,-13.056478,-12.704153,-11.533709,-13.893625,-15.398739,-12.395266,-14.292843,-18.020439,-13.040052,-14.043663,-18.934113,-12.946766,-13.048241,-17.720905,-12.326624,-11.702034,-15.646070,-11.734098,-10.548933,-13.564976,-11.412588,-9.902685,-11.892630,-11.294545,-9.874889,-10.837704,-11.216606,-10.472350,-10.490391,-11.134480,-11.626608,-10.879719,-11.186328,-13.174764,-11.979312,-11.551419,-14.854963,-13.617558,-12.265484,-16.366953,-15.247665,-13.059786,-17.270662,-15.978633,-13.375453,-16.788267,-15.569826,-12.985561,-14.938967,-14.528715,-12.378243,-12.874857,-13.158025,-12.080009,-11.360544,-11.647878,-12.258240,-10.631604,-10.298043,-12.760809,-10.751697,-9.384781,-13.212199,-11.765142,-9.072341,-13.328184,-13.732776,-9.437770,-13.265253,-16.686991,-10.491791,-13.367523,-20.334785,-12.122818,-13.679972,-23.046476,-13.924042,-13.746145,-22.199078,-15.186600,-13.046288,-18.695929,-15.701474,-11.871807,-14.929236,-16.002838,-10.933876,-11.896311,-16.200550,-10.662874,-9.781893,-15.633664,-11.246477,-8.559147,-14.163172,-12.794744,-8.182526,-12.645046,-15.356165,-8.631132,-11.714698,-18.580442,-9.908606,-11.542511,-20.906925,-12.009803,-12.025745,-21.437075,-14.801537,-12.747873,-21.239023,-17.746910,-12.992139,-19.140104,-19.889935,-12.513313,-15.413883,-20.499104,-11.945229,-12.158550,-18.823280,-11.932858,-9.946856,-15.726358,-12.779495,-8.745448,-12.948980,-14.532909,-8.478420,-11.077080,-16.691936,-9.119697,-10.156229,-17.628061,-10.701284,-10.138851,-16.915529,-13.304598,-10.956486,-16.264423,-16.993130,-12.429914,-16.271433,-21.416748,-14.024113,-16.077213,-24.411180,-14.890053,-14.495918,-22.877787,-15.007271,-12.222429,-18.801977,-15.271749,-10.408070,-15.002380,-16.201452,-9.428410,-12.226472,-17.373188,-9.332334,-10.493990,-17.293650,-10.113539,-9.721802,-15.816627,-11.750175,-9.852579,-14.505779,-14.103813,-10.865082,-14.092056,-16.614969,-12.738749,-14.579946,-18.259209,-15.316043,-15.388237,-18.808353,-17.942455,-15.200956,-18.548790,-19.492710,-13.702649,-17.006968,-19.807629,-12.131482,-14.607355,-19.150677,-11.215882,-12.472937,-17.351061,-11.072346,-11.104773,-15.142493,-11.584614,-10.597868,-13.429239,-12.463113,-10.951718,-12.567534,-13.262747,-12.161599,-12.644918,-13.702936,-14.215392,-13.673822,-13.989811,-17.012753,-15.524167,-14.454013,-20.123947,-17.413519,-15.007024,-22.290125,-17.689083,-15.013720,-21.652424,-16.523502,-14.119252,-18.782614,-15.380003,-12.937464,-15.790270,-14.597332,-12.133339,-13.544806,-13.898416,-11.943946,-12.201612,-13.088720,-12.332943
[0;32mI (5800) ANALISIS_ESPECTRO: Frame exportado | t=5.10 s | pico=500.0 Hz | -6.4 dB[0m
SPECTRUM_FRAME,6.118147,3031.250000,-4.428649,hann,512,-31.205364,-10.343123,-17.819427,-2.676023,-7.070806,-37.959629,-4.940221,-6.518471,-23.318928,-7.386632,-6.321108,-17.689051,-11.178364,-6.126252,-13.240498,-19.692699,-7.388599,-11.747857,-19.158619,-8.704434,-11.550358,-19.408857,-7.493438,-8.806537,-25.019266,-7.515420,-5.715317,-16.390152,-10.468694,-4.507401,-13.406301,-15.883645,-4.615671,-12.632320,-24.027617,-4.948009,-10.937194,-20.125675,-6.038861,-8.314976,-13.742420,-9.764849,-7.065938,-12.961044,-19.872663,-8.097295,-15.566236,-24.908583,-10.470052,-18.127048,-19.973654,-11.033240,-15.658518,-17.248299,-11.552362,-12.449213,-14.803434,-12.586187,-11.072274,-15.260663,-11.222495,-9.297427,-17.340122,-11.305276,-6.488614,-14.468691,-15.801654,-5.405861,-9.701550,-36.514786,-6.806009,-7.373146,-21.727793,-10.062409,-6.821987,-18.255287,-14.517430,-6.447296,-14.363300,-25.906298,-6.550455,-10.843888,-13.112379,-9.116938,-9.578880,-8.553130,-12.849281,-10.487908,-8.127047,-10.054501,-10.671427,-9.112073,-8.882136,-8.684246,-8.956942,-9.681088,-8.118803,-8.897001,-9.998404,-8.648544,-9.969573,-11.818246,-8.666114,-9.832518,-15.398683,-10.575951,-8.248369,-11.689429,-20.355762,-8.327406,-9.604098,-14.827758,-11.277962,-10.628893,-9.411213,-15.643747,-12.525157,-7.874569,-16.120289,-12.993225,-6.884770,-14.508106,-13.797003,-7.067028,-10.014148,-17.491701,-9.888901,-7.791315,-20.623331,-15.816381,-8.900065,-15.123710,-19.522039,-12.496928,-14.314775,-19.679415,-14.487792,-18.099964,-20.385761,-16.121128,-21.410988,-22.152109,-19.277422,-22.394272,-19.971653,-17.400585,-16.327744,-18.916519,-15.416975,-10.272799,-32.216667,-14.071441,-8.342236,-15.705482,-14.417806,-9.187701,-10.006586,-16.732462,-11.158767,-8.178443,-17.307032,-12.227898,-7.061481,-20.049784,-12.756620,-6.421252,-18.738308,-14.444934,-7.841460,-12.418636,-19.621761,-11.977543,-11.823875,-25.573378,-14.219200,-13.726503,-23.478201,-13.311413,-10.650878,-31.845133,-14.982813,-8.255893,-17.947155,-17.087191,-7.505999,-13.264409,-16.826218,-6.594422,-9.473935,-18.329134,-6.590834,-5.878772,-24.068840,-9.044941,-4.428649,-18.820770,-14.442575,-5.298176,-14.574221,-19.404778,-7.449607,-13.186029,-16.902334,-9.756379,-11.065197,-13.348795,-14.553659,-9.617624,-12.477406,-20.420458,-10.521031,-14.466869,-15.149647,-10.602024,-15.953301,-17.198864,-8.239660,-12.897303,-27.060087,-7.887907,-10.372958,-17.899044,-10.151882,-9.578544,-16.464388,-13.726157,-9.423290,-15.971710,-15.754347,-8.809151,-14.407207,-12.487495,-9.272049,-13.918482,-9.667751,-12.842089,-13.738571,-9.901855,-21.568027,-14.509583,-12.261410,-22.854042,-14.895264,-14.168253,-19.563362,-12.853388,-16.963579,-16.407869,-12.521868,-21.848934,-16.690819,-12.985653,-21.437557,-24.610748,-11.151942,-17.442280,-20.896109,-10.525822,-11.282162,-16.911549,-12.609528,-8.655473,-17.890556,-15.840636,-9.125171,-18.203005,-16.290403,-11.233258,-15.517365,-13.936880,-13.954710,-11.595231,-11.852122,-19.698713,-9.779138,-11.755404,-16.014534,-11.281753,-13.562812,-12.222981,-13.568781,-16.018978,-12.913676,-11.430948,-15.307342,-14.372036,-11.208882,-12.815243,-14.177126,-13.571178,-12.483257,-16.062597,-15.987749,-12.961911,-15.766424,-25.723513,-11.687246,-12.618582,-16.667618,-12.178658,-12.256762,-9.760915,-17.365097,-14.569252,-8.384649,-19.361078,-18.222944,-9.273326,-14.427162,-18.938492,-10.371648,-11.602066,-19.846272,-12.660895,-9.690668,-27.259924,-19.111259,-10.772977,-18.920273,-28.395065,-16.672796,-15.988494,-33.661678,-15.571679,-20.937656,-24.741001,-12.307123,-27.101364,-18.304716,-12.902761,-16.704657,-18.534828,-13.369596,-13.592878,-20.046227,-14.876729,-10.632175,-18.792055,-24.490202,-9.636818,-17.119015,-22.017128,-12.355085,-14.926700,-18.310650,-21.755579,-14.883456,-24.944323,-28.846855,-18.321402,-29.709406,-21.608084,-24.385521,-24.021141,-16.925156,-27.112101,-19.408657,-16.436111,-16.879810,-16.551306,-25.034725,-12.552460,-20.856316,-22.220722,-12.744712,-24.450066,-18.507460,-16.869661,-14.894077,-26.156561,-20.671881,-13.457064,-19.866686,-22.303713,-13.839002,-15.640873,-32.985329,-14.153413,-13.414776,-34.207321,-18.117512,-10.629415,-22.852875,-26.801594,-10.713090,-15.452946,-16.611050,-15.868135,-13.468126,-15.031912,-26.571388,-15.648618,-16.359077,-16.842846,-17.665823,-16.071007,-12.695861,-17.525595,-14.919121,-9.937669,-16.521194,-15.829233,-10.098465,-11.124921,-18.931374,-14.041483,-9.289070,-15.172901,-16.686960,-11.699103,-11.794939,-14.436864,-16.321733,-12.285441,-15.774277,-14.782612,-15.649615,-18.469666,-12.967881,-20.336954,-18.383253,-9.931442,-31.340036,-19.979284,-8.241397,-13.474150,-27.604881,-9.728385,-8.956942,-22.421696,-14.582829,-8.634147,-16.071226,-19.422724,-10.387467,-14.653043,-22.147959,-12.004234,-14.435694,-26.606466,-15.631359,-13.441202,-29.663765,-23.029730,-15.431913,-24.364883,-16.496758,-22.067471,-17.226374,-17.256355,-13.369453,-16.356752,-31.821020,-10.223116,-19.223898,-20.640717,-10.615744,-18.530733,-18.934834,-11.779269,-15.104364,-19.615131,-12.850013,-11.451511,-19.122820,-15.334424,-9.264505,-22.210590,-17.887289,-9.915703,-17.424738,-21.212311,-13.943410,-14.773199,-21.754276,-19.975620,-17.044008,-16.816578,-22.093178,-17.742916,-17.259851,-27.923302,-15.634036,-19.721195,-32.946819,-13.439003,-20.385180,-22.176777,-9.153358,-34.393833,-17.606354,-7.116647,-13.344942,-17.793346,-7.968490,-8.263224,-25.256975,-10.825226,-7.101029,-28.660814,-13.495679,-7.245588,-22.176750,-16.757677,-7.605379,-16.620417,-26.452272,-9.994060,-13.220442,-27.783289,-15.980697,-14.724680
[0;32mI (6820) ANALISIS_ESPECTRO: Frame exportado | t=6.12 s | pico=3031.2 Hz | -4.4 dB[0m
SPECTRUM_FRAME,7.140508,6015.625000,-27.940607,hann,512,-39.033123,-26.901886,-29.854473,-28.392029,-33.253174,-28.452087,-29.743896,-32.061996,-27.942638,-31.794073,-29.978161,-28.336277,-33.239204,-28.515665,-29.631987,-32.191654,-27.948015,-31.657146,-30.099766,-28.283949,-33.214184,-28.582895,-29.523048,-32.317577,-27.957218,-31.519146,-30.224096,-28.235338,-33.177143,-28.653839,-29.417456,-32.438942,-27.970140,-31.380585,-30.351049,-28.190439,-33.128410,-28.728483,-29.315279,-32.554947,-27.986759,-31.241962,-30.480446,-28.149260,-33.068466,-28.806820,-29.216587,-32.664768,-28.007078,-31.103737,-30.612070,-28.111792,-32.997929,-28.888824,-29.121452,-32.767555,-28.031101,-30.966320,-30.745686,-28.078033,-32.917477,-28.974499,-29.029888,-32.862492,-28.058826,-30.830088,-30.881004,-28.047991,-32.827866,-29.063805,-28.941944,-32.948753,-28.090267,-30.695370,-31.017727,-28.021656,-32.729893,-29.156712,-28.857639,-33.025574,-28.125412,-30.562477,-31.155491,-27.999018,-32.624363,-29.253195,-28.777008,-33.092209,-28.164268,-30.431660,-31.293917,-27.980082,-32.512127,-29.353197,-28.700054,-33.148003,-28.206844,-30.303164,-31.432570,-27.964842,-32.394016,-29.456675,-28.626801,-33.192383,-28.253138,-30.177191,-31.570972,-27.953297,-32.270844,-29.563559,-28.557253,-33.224907,-28.303162,-30.053928,-31.708607,-27.945457,-32.143398,-29.673782,-28.491419,-33.245186,-28.356897,-29.933517,-31.844906,-27.941299,-32.012440,-29.787258,-28.429306,-33.253021,-28.414354,-29.816124,-31.979240,-27.940836,-31.878696,-29.903885,-28.370914,-33.248314,-28.475542,-29.701851,-32.110962,-27.944065,-31.742828,-30.023552,-28.316242,-33.231136,-28.540449,-29.590809,-32.239353,-27.950991,-31.605480,-30.146107,-28.265295,-33.201653,-28.609066,-29.483072,-32.363667,-27.961613,-31.467213,-30.271420,-28.218071,-33.160191,-28.681395,-29.378742,-32.483116,-27.975922,-31.328571,-30.399305,-28.174564,-33.107197,-28.757420,-29.277866,-32.596901,-27.993937,-31.190054,-30.529566,-28.134775,-33.043217,-28.837139,-29.180500,-32.704174,-28.015642,-31.052086,-30.661966,-28.098705,-32.968872,-28.920528,-29.086693,-32.804115,-28.041061,-30.915070,-30.796251,-28.066338,-32.884903,-29.007561,-28.996487,-32.895905,-28.070179,-30.779369,-30.932129,-28.037683,-32.792061,-29.098225,-28.909904,-32.978714,-28.103004,-30.645306,-31.069283,-28.012733,-32.691154,-29.192478,-28.826973,-33.051788,-28.139549,-30.513161,-31.207352,-27.991486,-32.583015,-29.290287,-28.747715,-33.114433,-28.179800,-30.383188,-31.345913,-27.973938,-32.468479,-29.391598,-28.672150,-33.166019,-28.223770,-30.255611,-31.484529,-27.960087,-32.348370,-29.496355,-28.600285,-33.205994,-28.271456,-30.130634,-31.622705,-27.949926,-32.223507,-29.604504,-28.532133,-33.233952,-28.322872,-30.008430,-31.759909,-27.943466,-32.094658,-29.715961,-28.467690,-33.249596,-28.378010,-29.889135,-31.895540,-27.940693,-31.962582,-29.830629,-28.406973,-33.252720,-28.436861,-29.772900,-32.028984,-27.941620,-31.827961,-29.948414,-28.349972,-33.243328,-28.499443,-29.659828,-32.159542,-27.946232,-31.691471,-30.069172,-28.296698,-33.221504,-28.565742,-29.550011,-32.286488,-27.954540,-31.553707,-30.192785,-28.247147,-33.187489,-28.635754,-29.443548,-32.409073,-27.966549,-31.415237,-30.319090,-28.201317,-33.141647,-28.709473,-29.340508,-32.526501,-27.982246,-31.276588,-30.447887,-28.159208,-33.084465,-28.786888,-29.240940,-32.637943,-28.001642,-31.138227,-30.578978,-28.120813,-33.016514,-28.867979,-29.144905,-32.742558,-28.024748,-31.000576,-30.712116,-28.086130,-32.938477,-28.952734,-29.052441,-32.839539,-28.051548,-30.864014,-30.847033,-28.055157,-32.851082,-29.041138,-28.963589,-32.928051,-28.082056,-30.728889,-30.983438,-28.027889,-32.755127,-29.133152,-28.878380,-33.007294,-28.116272,-30.595509,-31.120975,-28.004332,-32.651402,-29.228741,-28.796824,-33.076542,-28.154205,-30.464153,-31.259268,-27.984467,-32.540768,-29.327869,-28.718941,-33.135105,-28.195850,-30.335054,-31.397907,-27.968304,-32.424053,-29.430481,-28.644768,-33.182396,-28.241217,-30.208427,-31.536423,-27.955841,-32.302063,-29.536516,-28.574293,-33.217911,-28.290306,-30.084478,-31.674309,-27.947073,-32.175617,-29.645922,-28.507526,-33.241272,-28.343113,-29.963343,-31.810989,-27.941990,-32.045475,-29.758589,-28.444483,-33.252235,-28.399641,-29.845182,-31.945873,-27.940607,-31.912355,-29.874441,-28.385160,-33.250668,-28.459900,-29.730114,-32.078316,-27.942913,-31.776960,-29.993351,-28.329559,-33.236599,-28.523869,-29.618263,-32.207611,-27.948917,-31.639923,-30.115204,-28.277683,-33.210152,-28.591560,-29.509695,-32.333008,-27.958607,-31.501837,-30.239847,-28.229525,-33.171658,-28.662966,-29.404505,-32.453754,-27.972000,-31.363239,-30.367105,-28.185089,-33.121506,-28.738070,-29.302757,-32.569027,-27.989086,-31.224648,-30.496788,-28.144377,-33.060207,-28.816864,-29.204512,-32.678017,-28.009874,-31.086500,-30.628674,-28.107374,-32.988396,-28.899342,-29.109810,-32.779873,-28.034361,-30.949215,-30.762518,-28.074081,-32.906757,-28.985462,-29.018698,-32.873764,-28.062555,-30.813156,-30.898027,-28.044498,-32.816051,-29.075222,-28.931208,-32.958893,-28.094454,-30.678654,-31.034893,-28.018623,-32.717091,-29.168579,-28.847363,-33.034473,-28.130064,-30.545998,-31.172771,-27.996449,-32.610687,-29.265503,-28.767187,-33.099792,-28.169386,-30.415462,-31.311247,-27.977978,-32.497669,-29.365948,-28.690693,-33.154190,-28.212425,-30.287275,-31.449898,-27.963198,-32.378880,-29.469852,-28.617901,-33.197113,-28.259190,-30.161625,-31.588230,-27.952116,-32.255131,-29.577158,-28.548817,-33.228107,-28.309671,-30.038708,-31.725735,-27.944736,-32.127205,-29.687790,-28.483448,-33.246857,-28.363874,-29.918682,-31.861820,-27.941038,-31.995861,-29.801664,-28.421803
[0;32mI (7850) ANALISIS_ESPECTRO: Frame exportado | t=7.14 s | pico=6015.6 Hz | -27.9 dB[0m
SPECTRUM_FRAME,8.162872,2593.750000,-24.587791,hann,512,-26.291725,-22.797237,-27.661026,-25.174360,-25.017929,-27.285311,-26.741659,-24.731977,-25.698540,-27.905607,-25.544069,-24.726706,-27.028391,-27.039631,-24.900835,-25.448418,-27.610466,-26.106785,-24.667736,-26.418495,-27.542963,-25.048653,-25.171669,-27.442249,-26.402838,-24.844561,-25.953695,-27.607826,-25.530441,-24.876511,-27.088127,-26.836912,-24.889709,-25.722742,-27.435818,-25.926582,-24.942089,-26.470028,-27.259581,-25.153156,-25.323776,-27.373215,-26.205872,-25.007282,-26.173975,-27.193930,-25.618736,-25.155598,-26.884480,-26.722681,-25.053141,-25.845718,-27.203503,-25.857418,-25.245468,-26.425034,-26.916412,-25.442610,-25.454390,-27.052538,-26.244797,-25.200480,-26.199438,-26.872837,-25.770628,-25.438980,-26.534592,-26.676901,-25.379259,-25.765230,-26.948055,-25.997604,-25.441130,-26.269222,-26.679722,-25.790119,-25.520981,-26.606831,-26.484482,-25.409863,-25.969694,-26.748255,-25.990343,-25.562592,-26.201067,-26.699661,-25.747412,-25.542587,-26.689819,-26.352715,-25.467110,-26.007114,-26.683212,-26.063198,-25.470789,-26.235048,-26.806870,-25.582355,-25.583229,-26.793938,-26.280388,-25.441280,-25.978027,-26.845037,-25.978874,-25.288815,-26.493755,-26.800852,-25.353653,-25.683353,-26.942902,-26.192757,-25.281078,-26.082565,-27.101151,-25.637224,-25.223255,-26.924168,-26.576452,-25.142496,-25.863792,-27.148273,-25.957682,-25.082584,-26.463682,-27.140312,-25.181221,-25.400303,-27.339985,-26.183950,-24.993393,-26.169632,-27.314741,-25.523342,-25.032429,-27.088860,-26.753416,-24.832134,-25.822718,-27.538252,-25.725286,-24.939672,-26.654926,-27.216986,-25.017643,-25.280205,-27.681923,-26.086843,-24.718716,-26.399935,-27.428310,-25.272007,-25.043413,-27.286169,-26.709171,-24.654333,-25.857353,-27.834618,-25.442986,-24.854839,-27.000210,-27.039635,-24.886396,-25.384703,-27.818430,-25.953068,-24.587791,-26.633322,-27.428162,-25.002941,-25.189381,-27.489254,-26.456854,-24.655582,-25.996725,-27.857861,-25.266685,-24.854778,-27.314114,-26.759884,-24.797649,-25.661409,-27.725143,-25.808273,-24.672640,-26.771202,-27.309130,-24.864435,-25.371130,-27.607210,-26.138556,-24.788637,-26.219835,-27.581797,-25.257475,-24.982254,-27.396231,-26.542316,-24.794224,-25.955599,-27.490349,-25.678759,-24.937988,-26.782131,-27.083622,-24.946335,-25.522873,-27.536182,-25.938759,-24.974754,-26.416319,-27.167923,-25.379959,-25.226971,-27.181471,-26.459137,-24.934631,-26.093849,-27.230854,-25.634348,-25.252131,-26.676582,-26.810375,-25.228230,-25.616955,-27.245510,-25.973190,-25.164497,-26.439083,-26.837185,-25.568657,-25.486248,-26.789171,-26.485798,-25.222776,-25.997746,-27.008625,-25.762993,-25.458258,-26.482813,-26.613932,-25.588898,-25.632275,-26.826532,-26.232742,-25.336071,-26.216408,-26.724445,-25.792559,-25.606232,-26.412716,-26.581362,-25.562328,-25.729759,-26.825100,-26.089182,-25.470011,-26.226759,-26.626474,-25.874777,-25.547693,-26.457289,-26.601267,-25.456615,-25.823975,-26.825850,-26.044029,-25.490242,-26.179703,-26.756798,-25.787857,-25.427723,-26.695864,-26.518557,-25.315981,-25.935650,-26.892570,-25.989433,-25.356817,-26.296963,-26.933838,-25.476868,-25.438465,-27.041451,-26.281796,-25.184624,-26.100609,-27.040096,-25.773766,-25.199429,-26.692724,-26.861778,-25.099142,-25.675390,-27.319613,-25.936539,-25.087517,-26.395000,-27.139095,-25.363487,-25.219440,-27.271957,-26.419540,-24.848568,-26.117165,-27.387705,-25.539410,-25.070717,-26.879406,-26.950081,-24.914093,-25.551239,-27.708992,-25.792810,-24.821720,-26.669733,-27.198593,-25.134968,-25.223427,-27.476433,-26.380251,-24.640396,-26.190327,-27.658852,-25.236986,-25.017643,-27.217709,-26.768898,-24.794977,-25.637894,-27.871243,-25.641647,-24.676643,-26.959717,-27.140671,-24.880539,-25.392769,-27.634251,-26.163836,-24.628241,-26.326588,-27.696274,-25.035217,-25.034533,-27.542879,-26.467140,-24.735392,-25.906883,-27.755835,-25.521221,-24.735510,-27.121679,-27.008362,-24.731951,-25.609114,-27.697773,-25.875198,-24.774618,-26.515692,-27.456877,-25.017715,-25.147970,-27.647083,-26.230736,-24.747047,-26.214209,-27.471462,-25.437927,-24.984478,-27.101814,-26.829605,-24.788559,-25.772171,-27.610914,-25.678396,-24.985426,-26.676085,-27.067595,-25.160480,-25.357874,-27.437933,-26.159782,-24.871328,-26.370470,-27.181091,-25.423717,-25.302700,-26.933712,-26.631327,-25.052116,-25.837444,-27.354765,-25.700796,-25.180859,-26.685331,-26.740370,-25.381975,-25.584936,-27.021832,-26.239817,-25.121227,-26.268873,-26.981815,-25.545406,-25.520893,-26.691994,-26.489178,-25.414808,-25.799570,-26.985703,-25.959812,-25.323147,-26.471844,-26.633221,-25.616840,-25.692968,-26.610260,-26.403559,-25.424263,-25.963556,-26.873230,-25.837246,-25.527277,-26.434704,-26.516422,-25.712137,-25.670984,-26.643463,-26.353357,-25.392654,-26.086887,-26.772272,-25.838116,-25.582094,-26.363411,-26.616085,-25.635023,-25.612968,-26.828012,-26.232109,-25.340500,-26.182068,-26.776272,-25.821487,-25.469959,-26.485796,-26.717607,-25.370808,-25.688753,-27.061810,-26.018665,-25.277458,-26.313953,-26.882851,-25.626963,-25.355196,-26.871946,-26.563433,-25.079227,-25.961994,-27.207054,-25.735508,-25.219137,-26.589462,-26.923920,-25.248072,-25.445198,-27.364410,-26.108742,-24.923367,-26.393740,-27.178152,-25.398331,-25.233725,-27.059948,-26.661526,-24.864645,-25.849957,-27.622652,-25.547592,-24.971373,-26.897713,-26.941792,-25.039047,-25.437052,-27.589588,-26.062279,-24.685513,-26.522755,-27.404089,-25.083832,-25.214550,-27.378609,-26.489153,-24.747768,-25.923759,-27.812138,-25.369951,-24.821596,-27.242805,-26.828650,-24.804699,-25.623684,-27.706547,-25.876949,-24.653196,-26.671408,-27.440838,-24.856874,-25.259571,-27.694328,-26.178516
[0;32mI (8880) ANALISIS_ESPECTRO: Frame exportado | t=8.16 s | pico=2593.8 Hz | -24.6 dB[0m
SPECTRUM_FRAME,9.185241,93.750000,32.146431,hann,512,0.080364,7.164140,25.043108,33.171196,29.994085,20.546091,32.146431,31.029419,16.536097,30.395634,31.285278,19.145529,27.837795,30.798969,22.191095,24.300579,29.567104,23.718109,19.379023,27.551134,24.036695,11.896221,24.667969,23.341799,1.625237,20.755281,21.718237,8.008716,15.459203,19.259207,10.923861,7.724032,16.283447,12.073274,-11.034135,13.580175,12.869881,-0.618166,11.683531,13.544712,4.308035,9.780723,13.727187,6.553102,6.663246,13.008805,7.661866,1.033332,11.018000,7.681899,-6.078490,7.125430,6.383519,-0.533898,-0.609417,3.461316,2.868486,-4.720918,0.179613,4.285379,2.393990,2.122599,4.911664,4.716769,5.133767,5.278223,4.970331,6.461266,5.361192,4.010605,6.307507,4.774866,2.082982,4.998502,3.148987,-1.332908,2.904873,1.065074,-10.070688,0.332531,1.788191,-7.902162,-3.362714,4.544803,2.025602,-12.332277,6.263927,6.699677,-6.522552,6.381498,9.332822,1.584007,4.673467,10.563137,5.798120,0.178979,10.550946,8.225804,-14.771124,9.228793,9.402510,-3.512306,6.234712,9.466304,2.494410,0.278314,8.361340,4.867924,-23.859726,5.824446,5.539525,-3.239646,1.114767,4.961896,1.046888,-8.293309,3.206757,2.021509,-8.303262,0.248246,1.283871,-3.320448,-3.388734,-0.743591,-2.845747,-5.223904,-3.742301,-5.418084,-5.022263,-6.160995,-12.935680,-5.516096,-5.756012,-14.507957,-6.792200,-4.656877,-5.631588,-6.049562,-4.730877,-1.838188,-3.055431,-6.236236,0.047356,-0.364724,-7.966161,0.727944,1.550730,-6.366068,0.388726,2.902448,-3.037618,-0.965381,3.901682,-0.307753,-3.456326,4.684883,1.861501,-7.531950,5.332294,3.830732,-14.607714,5.855830,5.794925,-11.741098,6.158799,7.728795,-3.818771,6.036582,9.468221,1.508622,5.195725,10.818352,5.538582,3.153718,11.611454,8.632305,-1.308748,11.706688,10.874992,-9.329816,10.951057,12.266964,0.185104,9.098948,12.764186,5.833557,5.649641,12.264961,8.820762,0.195781,10.554999,10.182891,1.052018,7.208974,10.143967,5.851390,2.405853,8.541575,8.396147,3.666718,4.682059,9.199633,7.807302,-1.623058,8.466535,10.108059,3.029715,5.893768,10.942966,7.765138,-0.025704,10.589134,9.986633,-11.493681,9.055323,10.647059,0.806321,6.053776,10.079882,4.788587,0.561535,8.289556,5.925135,-13.027563,4.926590,5.186854,-5.303179,-1.136269,2.444702,-0.481461,-6.330467,-4.108263,0.607878,0.138171,-15.834208,-0.096870,3.458733,-1.062415,-1.498431,4.706539,3.291373,-1.764315,4.630079,5.194841,-0.408626,3.443232,5.718027,0.966706,1.007727,5.165793,1.564949,-3.543708,3.566795,1.268496,-16.005615,0.750283,0.071870,-7.947885,-3.077261,-2.156399,-0.706611,-2.937605,-6.120977,2.743021,1.373221,-16.243336,4.511780,4.690491,-12.242472,5.080437,6.762348,-3.467684,4.562863,7.813540,0.624488,2.928245,7.928101,2.819571,0.113669,7.070389,3.705085,-3.533892,5.079231,3.406848,-5.941504,1.564579,1.782273,-6.092805,-4.584515,-1.724609,-6.697107,-19.700716,-8.854628,-9.285921,-11.614677,-11.351595,-15.082083,-7.276003,-4.826117,-16.407593,-5.678833,-2.420335,-10.533060,-4.228595,-1.957378,-8.075332,-2.464739,-2.290913,-7.980058,-0.716958,-2.563760,-9.449668,0.733771,-2.446990,-10.606383,1.705158,-1.830964,-10.298258,2.076065,-0.512510,-10.909872,1.779097,1.133999,-10.340514,0.717964,2.449272,-4.381367,-1.439538,3.145098,0.569035,-5.701457,3.263245,3.728969,-11.270333,2.959311,5.617743,-4.146333,2.312665,6.641826,0.941295,1.254213,7.107301,3.760209,-0.220396,7.196906,5.323386,-1.480416,6.916640,6.151084,-1.247393,6.118230,6.541486,0.251544,4.584573,6.556849,1.798932,2.111937,6.018235,2.898867,-1.174455,4.564765,3.374187,-3.243635,1.568180,2.954213,-1.981274,-4.671402,1.092501,-0.351976,-12.129890,-3.717246,0.069422,-2.400472,-25.788750,-1.077156,1.491445,-3.472713,-4.027861,3.006994,1.942977,-5.729684,3.081789,4.154755,-1.833663,2.031462,4.580343,1.244542,0.198051,3.516951,2.339454,-1.428221,0.770603,1.640293,-1.831482,-4.715453,-0.497014,-1.840516,-16.811035,-1.322821,-1.699156,-9.146029,1.508649,0.482155,-6.243894,4.208498,3.948659,-8.951812,5.614661,6.711274,-13.362641,5.791453,8.343788,-2.539671,4.731031,8.903879,2.769444,2.124160,8.470777,5.466934,-3.057863,7.062855,6.524195,-11.262565,4.595023,6.276249,-4.876000,0.775554,4.834586,-1.234338,-5.267729,2.205558,-0.445317,-17.765659,-1.580690,-1.310946,-16.854851,-5.877118,-2.601644,-11.001055,-8.527193,-2.559365,-7.628438,-9.732903,-1.513736,-4.161644,-12.491175,-0.909405,-1.473835,-20.608397,-1.181099,0.072247,-18.874458,-2.270817,0.549674,-10.950043,-4.038126,0.110033,-7.623742,-6.416722,-1.103492,-6.182209,-9.594685,-3.004470,-5.835397,-14.393282,-5.656080,-6.218036,-23.150970,-9.395842,-7.084022,-20.347172,-14.583520,-7.928610,-14.921132,-16.273613,-7.718897,-12.640413,-12.558453,-6.294596,-11.105906,-10.482210,-4.817079,-8.952639,-10.494285,-4.047619,-6.506469,-12.876296,-4.229993,-4.577301,-17.805670,-5.526037,-3.424305,-13.971950,-8.287643,-2.973567,-8.284777,-13.039610,-3.022196,-4.968234,-14.105339,-3.321224,-3.025691,-8.784042,-3.661582,-1.935709,-5.206632,-3.938405,-1.436660,-3.100529,-4.120836,-1.427046,-1.934335
[0;32mI (9840) ANALISIS_ESPECTRO: Frame exportado | t=9.19 s | pico=93.8 Hz | 32.1 dB[0m
SPECTRUM_FRAME,10.207592,203.125000,18.543198,hann,512,-20.196537,-2.578085,9.060974,19.545406,15.423465,4.272538,18.505133,17.227974,0.407074,16.748064,18.246288,3.522097,14.236769,18.543198,7.786483,10.906763,18.161766,10.834002,6.632440,17.119686,12.833889,1.100289,15.402785,13.975844,-5.456388,12.951674,14.376526,-3.624743,9.632687,14.099230,1.263227,5.162132,13.164453,4.447107,-1.176600,11.555257,6.413404,-12.572435,9.221827,7.468766,-13.894117,6.087468,7.792046,-6.167835,2.059961,7.529550,-2.340652,-2.920609,6.821534,0.349960,-8.476171,5.773119,2.312075,-11.459397,4.396611,3.658507,-9.285645,2.596230,4.402462,-5.990198,0.221978,4.487947,-3.109201,-2.894275,3.828267,-0.978536,-7.082520,2.330194,0.248964,-13.648171,-0.100492,0.504284,-41.127342,-3.526004,-0.244171,-15.691921,-7.656601,-1.999983,-10.388732,-10.540075,-4.652869,-7.463894,-10.166904,-7.752256,-5.072715,-8.606633,-10.760122,-2.889576,-6.984774,-14.481975,-1.218116,-5.255080,-17.143267,-0.411862,-3.320919,-11.525392,-0.757924,-1.393991,-7.347244,-2.640357,0.098623,-5.255318,-7.018323,0.790237,-4.345994,-19.403280,0.418730,-3.825303,-13.756344,-1.307378,-3.285412,-7.392549,-4.990439,-2.998442,-5.286806,-12.046669,-3.490379,-4.748782,-11.595240,-5.261827,-4.815331,-5.679461,-9.234713,-4.933644,-2.741484,-20.576002,-4.981593,-1.291047,-14.929264,-5.209315,-0.716058,-7.078032,-5.953688,-0.754173,-3.518817,-7.437559,-1.275212,-1.685834,-9.511738,-2.176192,-1.015352,-10.848425,-3.317120,-1.369729,-10.054657,-4.548447,-2.790177,-8.817960,-5.857301,-5.442665,-8.632592,-7.471371,-9.498679,-9.785437,-9.769431,-13.267126,-11.385630,-12.435797,-11.675009,-10.467206,-11.304726,-8.763628,-7.512016,-7.073396,-6.559319,-4.836144,-3.729391,-4.650892,-2.721625,-1.492630,-2.869779,-1.011557,0.032389,-1.410996,0.367557,1.235907,-0.471754,1.390490,2.371364,-0.032988,1.967458,3.465734,0.202593,1.978593,4.380299,0.726064,1.300064,4.942759,1.785181,-0.201286,5.022161,3.081738,-2.680243,4.549996,4.153529,-5.881896,3.520920,4.707385,-6.603779,1.967316,4.623094,-3.641574,-0.121154,3.906932,-1.108666,-2.884803,2.701583,0.117154,-6.232249,1.319077,0.101963,-7.598958,0.162366,-1.117093,-5.314856,-0.506823,-3.592141,-3.138580,-0.627831,-7.045503,-2.162141,-0.254470,-8.179933,-2.326621,0.369649,-5.126491,-3.534519,0.886582,-2.159969,-5.550516,1.040112,-0.199425,-6.897027,0.734407,0.857327,-5.289268,-0.011058,1.118679,-2.658330,-1.055564,0.683769,-0.830449,-1.991278,-0.326432,-0.068952,-2.184218,-1.782647,-0.312852,-1.628124,-3.537357,-1.455352,-1.100723,-5.189030,-3.387772,-1.198165,-5.946465,-6.106380,-2.107658,-5.811565,-9.939803,-3.799319,-5.840428,-15.847008,-6.193419,-6.696836,-25.456123,-9.318594,-8.402270,-30.160755,-13.114807,-10.537960,-37.331623,-15.711765,-12.544154,-19.848202,-15.046417,-14.000704,-13.237206,-13.660098,-14.381372,-9.859598,-11.998775,-14.020674,-8.158619,-9.749439,-14.198804,-7.487779,-7.557272,-15.664843,-7.563785,-5.882138,-18.028656,-8.362078,-4.778052,-17.560127,-10.006645,-4.226565,-13.693666,-12.502808,-4.298370,-10.094910,-14.882616,-5.175369,-7.391534,-15.204464,-7.103670,-5.624394,-14.315750,-10.084081,-4.914131,-13.061441,-12.267484,-5.465667,-11.032147,-11.395625,-7.598374,-9.160688,-10.370810,-11.717777,-8.603057,-10.506845,-15.906296,-10.099422,-11.327894,-14.353268,-15.150942,-12.468384,-13.151259,-56.342472,-14.874289,-14.340569,-16.010916,-19.175716,-18.045387,-12.067450,-14.866513,-24.587278,-11.799009,-9.544290,-18.836020,-14.019109,-6.791049,-12.250657,-16.731972,-5.739742,-8.260071,-13.308562,-5.898067,-5.772781,-9.143458,-6.736355,-4.280223,-6.635377,-7.091630,-3.474900,-5.348367,-6.000566,-3.095202,-4.786908,-4.439901,-2.812195,-4.478145,-3.453239,-2.310849,-4.093862,-3.256791,-1.599271,-3.543396,-3.677108,-0.992125,-2.853949,-4.370517,-0.754779,-2.092057,-4.993792,-0.957916,-1.375606,-5.420668,-1.539975,-0.818906,-5.724171,-2.416976,-0.472241,-5.921714,-3.593006,-0.339403,-5.851379,-5.218963,-0.442081,-5.346165,-7.552962,-0.870601,-4.481205,-10.855715,-1.778850,-3.542300,-15.206829,-3.312861,-2.850690,-19.418087,-5.461296,-2.662215,-18.267618,-7.813887,-3.106545,-14.174145,-9.687065,-4.118856,-11.153063,-11.118984,-5.404378,-9.275930,-12.499280,-6.650519,-8.021088,-12.816360,-7.897270,-7.076020,-10.855202,-9.277828,-6.622761,-8.005172,-10.258678,-7.037674,-5.627999,-9.707217,-8.530426,-4.191825,-7.669888,-10.861790,-3.847204,-5.349761,-12.539798,-4.644908,-3.577768,-11.524252,-6.601472,-2.666425,-9.052295,-9.701959,-2.669254,-6.859049,-13.510382,-3.525125,-5.495064,-15.016613,-5.138710,-5.021266,-12.907296,-7.466781,-5.293146,-11.125090,-10.555377,-6.078705,-10.742039,-14.175083,-7.213368,-11.677465,-16.672989,-8.734831,-13.546560,-16.993721,-10.829062,-15.543208,-17.208290,-13.668499,-17.027082,-18.010309,-17.273804,-18.533762,-18.338100,-21.269045,-20.685051,-17.218243,-24.425381,-22.348135,-15.337158,-23.794996,-21.503889,-13.564978,-19.097118,-19.692810,-12.392952,-14.227150,-18.145031,-12.254538,-10.304838,-17.222187,-13.457278,-7.455518,-17.101961,-14.902920,-5.749174,-15.544247,-12.936030,-5.261039,-11.176720,-9.830293,-6.033107,-7.325787,-7.980769,-7.843084,-4.978358,-7.178308,-9.318857,-3.994244,-6.731043,-8.529421,-4.119071,-6.271641,-6.666400,-5.086782
[0;32mI (10880) ANALISIS_ESPECTRO: Frame exportado | t=10.21 s | pico=203.1 Hz | 18.5 dB[0m
SPECTRUM_FRAME,11.229956,93.750000,19.822081,hann,512,-9.825564,-5.202618,11.483560,20.893063,16.815920,8.538308,19.822081,18.462929,6.906472,18.003721,19.378710,7.599273,15.393859,19.587156,9.750565,11.989780,19.103176,12.017942,7.998819,17.928745,13.737446,4.302500,16.052771,14.713007,2.597558,13.462628,14.911933,3.359603,10.172373,14.341824,5.038908,6.296186,13.016346,6.317260,2.184713,10.966288,6.707583,-1.514024,8.293423,6.150641,-4.388141,5.273767,4.926830,-7.129403,2.355272,3.917191,-10.153122,-0.265057,4.009235,-6.840441,-2.894590,4.587636,-1.198174,-5.503226,4.627330,2.567590,-6.537781,3.674452,4.800324,-4.960538,1.527032,5.830989,-2.448317,-2.060905,5.823669,-0.134443,-7.600160,4.838036,1.643392,-16.323565,2.848927,2.795719,-27.476170,-0.286276,3.351901,-25.974144,-4.979554,3.416325,-17.512257,-12.508172,3.126964,-10.161081,-20.129627,2.589118,-5.003872,-14.095840,1.808437,-1.230414,-11.663359,0.698781,1.477184,-9.410696,-0.801989,3.238780,-5.400183,-2.490158,4.107685,-1.444823,-3.545572,4.105935,1.460945,-3.074551,3.238983,3.266535,-1.588252,1.538877,4.057936,-0.045807,-0.766920,3.891205,1.122693,-2.854213,2.786288,1.769881,-3.638827,0.784391,1.828258,-3.545616,-1.815050,1.272701,-3.585123,-3.924350,0.151863,-3.998081,-4.464373,-1.318952,-4.530058,-4.376011,-2.662201,-4.821145,-4.727204,-3.397882,-4.672284,-5.642194,-3.614100,-4.122627,-6.649834,-3.749554,-3.399297,-6.881285,-4.022084,-2.812000,-5.953950,-4.383411,-2.607465,-4.588971,-4.718901,-2.869427,-3.613007,-5.041685,-3.442720,-3.490912,-5.588965,-3.906101,-4.538925,-6.848616,-3.921202,-7.031249,-9.797252,-3.758680,-9.806481,-18.263857,-3.988588,-7.733629,-16.716228,-4.791463,-4.174746,-7.056337,-5.130839,-1.993018,-2.714579,-3.231517,-1.040717,-0.319659,-0.292778,-0.916778,0.898293,2.096062,-1.007691,1.274780,3.621454,-0.478005,1.028368,4.346059,0.890244,0.354653,4.399089,2.458936,-0.503302,3.953533,3.690593,-1.115696,3.235195,4.409151,-0.878980,2.455130,4.619552,0.281754,1.675808,4.401322,1.668212,0.836614,3.868022,2.639735,0.032036,3.124440,2.891975,-0.330484,2.207819,2.287803,-0.075008,1.072211,0.746552,0.235979,-0.322170,-1.707736,-0.132470,-1.844526,-4.519045,-1.764563,-3.161642,-6.051887,-5.463652,-4.210340,-5.954920,-13.139765,-5.678344,-5.695834,-12.216634,-8.892192,-5.551879,-6.781599,-17.607754,-5.143785,-5.170617,-15.515632,-4.713893,-5.784338,-7.664511,-4.974213,-7.250546,-4.772208,-6.478062,-6.547959,-4.317752,-9.270845,-4.177544,-6.031141,-10.699347,-2.665205,-10.166456,-8.518249,-2.519109,-10.676319,-6.849491,-3.695787,-5.453274,-6.883015,-5.946444,-2.245761,-7.786944,-8.135515,-0.732206,-6.490525,-8.294483,-0.367645,-3.113934,-6.875430,-0.793112,-0.355628,-4.856743,-1.651011,1.294505,-2.458861,-2.482402,1.982459,-0.197921,-2.791031,1.897693,1.479120,-2.333022,1.245642,2.411506,-1.312393,0.289500,2.589732,-0.162649,-0.656763,2.061392,0.757707,-1.344755,0.918142,1.248314,-1.697564,-0.663888,1.218967,-1.742188,-2.362264,0.632001,-1.533498,-3.751390,-0.530666,-1.202514,-4.559276,-2.267853,-0.969295,-4.767000,-4.495680,-1.066828,-4.366893,-6.860876,-1.688489,-3.396026,-8.572453,-2.990112,-2.157890,-8.860966,-5.096761,-1.072792,-7.495576,-8.038472,-0.447495,-4.918433,-11.431269,-0.455053,-2.172311,-13.589550,-1.190942,0.027196,-11.915666,-2.699527,1.433454,-7.791576,-4.946679,1.986238,-3.896514,-7.731376,1.663516,-0.987591,-10.426420,0.439810,0.881232,-10.895000,-1.697554,1.753789,-7.802659,-4.647583,1.640460,-4.212746,-7.953729,0.481823,-1.605326,-10.597324,-1.890570,-0.143424,-10.821181,-5.849734,0.174717,-8.010801,-12.262844,-0.717241,-4.854044,-23.562454,-3.015734,-2.777279,-36.119774,-6.903425,-2.014852,-23.171917,-10.037967,-2.669996,-13.591986,-8.172871,-5.022428,-8.621630,-6.581157,-9.358824,-6.187074,-7.112686,-10.766584,-5.654195,-10.270587,-6.731076,-7.011270,-18.675985,-4.342989,-10.957173,-18.556368,-3.791785,-18.302000,-11.613724,-4.744429,-12.867799,-9.368932,-7.115392,-8.199386,-8.761071,-10.946886,-6.359373,-8.056570,-15.215958,-6.210003,-6.581627,-13.791424,-7.326293,-5.207415,-9.329432,-9.478373,-4.681657,-5.835366,-12.114201,-5.259023,-3.493912,-12.872334,-7.031670,-2.224406,-10.320716,-9.973814,-1.979949,-7.332761,-13.367454,-2.754823,-5.168430,-15.049639,-4.580164,-3.949443,-14.796524,-7.484674,-3.643373,-13.706065,-11.319242,-4.217843,-11.692325,-15.331374,-5.643683,-9.606844,-18.235350,-7.854888,-8.340329,-18.412647,-10.644832,-8.211032,-15.752779,-13.477398,-9.351081,-13.526553,-15.468026,-11.930489,-13.137959,-16.211445,-16.029509,-15.272194,-16.612400,-19.621998,-21.188320,-18.332657,-19.167816,-17.859737,-24.811504,-18.878096,-11.728037,-23.957388,-20.730822,-8.830340,-13.843489,-22.859089,-7.884951,-9.080853,-19.402502,-8.440271,-6.466198,-15.020976,-10.343292,-5.229993,-11.694672,-13.402362,-5.057706,-9.052694,-16.623636,-5.732524,-6.916518,-17.482393,-6.940337,-5.290651,-15.078305,-8.110628,-4.214725,-11.318683,-8.654342,-3.709825,-7.923035,-8.588337,-3.777981,-5.456954,-8.285543,-4.408632,-3.955723,-7.894773,-5.572909,-3.342654,-7.431073,-7.185339,-3.539108,-6.989854,-8.971869,-4.473281,-6.693059,-10.175589,-6.047526,-6.564536,-9.779737,-8.030081
[0;32mI (11900) ANALISIS_ESPECTRO: Frame exportado | t=11.23 s | pico=93.8 Hz | 19.8 dB[0m
SPECTRUM_FRAME,12.252314,93.750000,19.677090,hann,512,-4.808221,7.940635,15.188461,20.359688,17.651283,14.023849,19.677090,18.516087,13.268312,18.573317,18.990929,13.076858,17.108961,19.038054,13.362061,15.383480,18.651155,13.866121,13.541632,17.840363,14.326908,11.757070,16.626232,14.562706,10.187520,15.042603,14.466234,8.937225,13.148370,13.973263,8.049278,11.041651,13.041076,7.473300,8.853251,11.643705,7.018817,6.690460,9.785012,6.402190,4.568624,7.531401,5.354051,2.432515,5.049243,3.689595,0.248904,2.571829,1.405132,-1.964866,0.223985,-0.961885,-4.052891,-2.065691,-2.060628,-5.082753,-4.219082,-1.644382,-3.842067,-5.462027,-0.961254,-1.552976,-4.950366,-0.554559,0.368655,-3.324524,-0.321669,1.616920,-1.589285,-0.061469,2.277688,-0.172267,0.278840,2.516609,0.825736,0.597303,2.494553,1.437479,0.748882,2.319036,1.750802,0.633068,2.009555,1.846434,0.234187,1.499514,1.742206,-0.368670,0.679502,1.368266,-1.044378,-0.539934,0.576190,-1.727469,-2.160339,-0.847560,-2.530164,-4.012707,-3.195881,-3.735825,-5.670278,-6.899066,-5.702743,-6.513115,-12.339899,-8.469116,-6.201673,-15.323475,-9.575588,-5.061683,-12.364964,-6.902371,-3.641870,-10.033978,-4.280674,-2.276431,-8.234406,-2.928428,-1.129964,-6.477404,-2.764990,-0.326833,-4.932253,-3.653656,0.025652,-3.814480,-5.522632,-0.130793,-3.172112,-8.406968,-0.777231,-2.971609,-12.648424,-1.798137,-3.160810,-19.984404,-2.976533,-3.672780,-34.138317,-4.064303,-4.395475,-18.289175,-4.972661,-5.107559,-13.960524,-5.877851,-5.487041,-12.430094,-7.003403,-5.468835,-12.880340,-8.244957,-5.558846,-14.936600,-9.053963,-6.522522,-16.170015,-9.234227,-9.241188,-14.786729,-9.418030,-15.048089,-15.074450,-10.032207,-14.784379,-22.026045,-10.724354,-8.615750,-15.993305,-10.659546,-5.379338,-6.835603,-9.177643,-3.679755,-2.104321,-6.269944,-2.717902,0.731531,-2.918126,-2.030341,2.435840,-0.004261,-1.370345,3.386159,2.210341,-0.655445,3.808992,3.766999,0.091530,3.832998,4.787740,0.802341,3.512076,5.385173,1.436790,2.860992,5.619106,2.022562,1.905852,5.485918,2.602569,0.743850,4.941221,3.133485,-0.393856,3.940115,3.463175,-1.162155,2.480481,3.406980,-1.376024,0.649412,2.818465,-1.288471,-1.341174,1.610864,-1.384922,-3.208955,-0.241774,-2.080514,-4.813141,-2.702646,-3.691736,-6.342854,-5.682962,-6.539956,-8.315605,-9.066780,-11.074530,-11.661032,-12.616176,-17.432936,-18.931688,-15.946231,-19.351906,-25.883556,-20.146162,-16.810057,-15.137149,-31.970331,-15.780463,-12.155901,-18.999660,-16.549234,-11.874811,-12.646030,-18.581354,-13.249750,-9.865722,-15.435337,-15.701153,-9.157463,-10.121446,-19.485144,-10.045843,-6.743562,-24.981936,-12.148852,-5.027064,-17.731684,-14.602446,-4.605708,-11.917373,-16.159021,-5.225579,-8.857658,-16.819666,-6.645734,-7.465041,-17.119659,-8.568102,-7.174289,-17.262285,-10.661983,-7.575841,-17.691565,-12.716581,-8.452839,-18.198269,-14.615573,-9.989608,-17.832821,-15.586407,-12.697711,-17.674513,-14.309355,-14.961762,-20.884075,-11.872931,-10.993155,-30.907089,-9.835731,-6.504568,-13.328347,-8.434502,-3.558172,-6.638877,-7.203125,-1.804051,-2.633410,-5.534935,-0.931746,-0.098824,-3.422342,-0.694166,1.404852,-1.371183,-0.833816,2.108438,0.251014,-1.075700,2.177225,1.336877,-1.214535,1.761840,1.923395,-1.199028,1.004136,2.115197,-1.061468,0.012296,2.028731,-0.785873,-1.148544,1.722313,-0.328786,-2.370484,1.146459,0.229103,-3.322160,0.163475,0.649185,-3.526850,-1.385349,0.662391,-3.033581,-3.582425,0.055796,-2.489677,-6.144185,-1.345897,-2.442218,-7.857524,-3.745661,-3.153319,-7.879467,-7.397727,-4.735812,-7.534940,-11.761580,-7.219589,-7.832623,-12.139544,-10.349657,-8.761026,-9.652058,-12.659103,-9.780999,-8.079088,-12.475105,-10.384254,-7.368876,-11.656302,-10.507605,-7.138746,-11.733504,-10.134373,-7.384330,-12.347998,-9.469307,-8.394677,-11.589049,-9.270341,-10.324219,-9.356981,-10.388967,-12.244085,-7.515081,-13.946996,-11.928322,-6.670666,-25.266897,-10.307726,-6.722762,-19.417383,-9.097858,-7.346710,-11.779227,-8.467354,-7.870489,-8.296535,-8.434574,-7.247158,-6.293476,-9.414146,-5.446909,-5.112035,-12.256529,-3.629277,-4.460695,-17.908047,-2.545184,-4.069200,-15.156260,-2.435778,-3.715331,-9.509882,-3.360292,-3.433274,-6.477468,-5.248878,-3.496557,-4.918843,-7.539033,-4.182081,-4.260119,-8.567547,-5.638328,-4.226490,-7.715545,-7.812063,-4.711723,-6.536279,-10.103973,-5.735879,-5.809369,-10.878296,-7.465873,-5.615575,-9.539172,-10.298353,-5.979075,-7.627061,-14.486951,-7.069066,-6.086340,-14.558262,-9.276589,-5.180192,-9.844567,-13.195723,-4.992524,-6.659354,-16.122868,-5.546176,-5.050771,-11.808060,-6.750803,-4.716009,-8.334540,-8.192198,-5.562770,-6.836326,-9.041356,-7.660088,-7.025951,-9.065077,-11.211050,-9.058071,-9.200450,-16.050163,-13.961102,-10.446960,-18.001770,-23.037506,-13.840975,-15.757589,-14.766182,-22.084005,-13.988671,-10.213108,-19.052242,-12.851634,-8.148497,-12.268983,-11.968666,-7.188559,-8.844931,-11.492403,-6.794873,-6.526986,-11.767001,-6.798915,-4.663321,-12.244328,-7.204584,-3.294675,-10.412560,-8.063048,-2.635925,-6.875215,-9.390726,-2.820496,-4.095910,-10.789119,-3.885047,-2.603755,-10.905945,-5.807293,-2.376435,-9.563457,-8.559171,-3.391989,-8.519670,-12.286049,-5.725990,-8.718145,-18.102148,-9.668929,-10.137457,-31.089661,-16.337177
[0;32mI (12930) ANALISIS_ESPECTRO: Frame exportado | t=12.25 s | pico=93.8 Hz | 19.7 dB[0m
