Command: /home/yuusha1/esp/idf-tools/python_env/idf6.1_py3.12_env/bin/python /home/yuusha1/esp/idf/esp-idf/tools/idf_monitor.py -p /dev/ttyACM0 -b 115200 --toolchain-prefix xtensa-esp32s3-elf- --target esp32s3 --revision 0 /home/yuusha1/esp/projects/labs/Rep_SE_202601_grupo_Diego_Santiago_Chen/Lab_1/Ejercicio_5/analisis_espectro/build/analisis_espectro.elf /home/yuusha1/esp/projects/labs/Rep_SE_202601_grupo_Diego_Santiago_Chen/Lab_1/Ejercicio_5/analisis_espectro/build/bootloader/bootloader.elf -m '/home/yuusha1/esp/idf-tools/python_env/idf6.1_py3.12_env/bin/python' '/home/yuusha1/esp/idf/esp-idf/tools/idf.py' '-p' '/dev/ttyACM0'
[0;32mI (119) esp_image: segment 3: paddr=0003627c vaddr=3fc91e98 sizeESP-ROM:esp32s3-20210327[0m
Build:Mar 27 2021
rst:0x15 (USB_UART_CHIP_RESET),boot:0x8 (SPI_FAST_FLASH_BOOT)
Saved PC:0x42006ecb
SPIWP:0xee
mode:DIO, clock div:1
load:0x3fce2820,len:0x14f0
load:0x403c8700,len:0xda0
load:0x403cb700,len:0x2f58
entry 0x403c8908
[0;32mI (24) boot: ESP-IDF v6.1-dev-2938-g12f36a021f 2nd stage bootloader[0m
[0;32mI (25) boot: compile time Apr  8 2026 14:46:03[0m
[0;32mI (25) boot: Multicore bootloader[0m
[0;32mI (26) boot: chip revision: v0.2[0m
[0;32mI (29) boot: efuse block revision: v1.4[0m
[0;32mI (33) boot.esp32s3: Boot SPI Speed : 80MHz[0m
[0;32mI (37) boot.esp32s3: SPI Mode       : DIO[0m
[0;32mI (40) boot.esp32s3: SPI Flash Size : 16MB[0m
[0;32mI (44) boot: Enabling RNG early entropy source...[0m
[0;32mI (49) boot: Partition Table:[0m
[0;32mI (51) boot: ## Label            Usage          Type ST Offset   Length[0m
[0;32mI (58) boot:  0 nvs              WiFi data        01 02 00009000 00006000[0m
[0;32mI (64) boot:  1 phy_init         RF data          01 01 0000f000 00001000[0m
[0;32mI (71) boot:  2 factory          factory app      00 00 00010000 00100000[0m
[0;32mI (77) boot: End of partition table[0m
[0;32mI (81) esp_image: segment 0: paddr=00010020 vaddr=3c020020 size=0f458h ( 62552) map[0m
[0;32mI (99) esp_image: segment 1: paddr=0001f480 vaddr=3fc91300 size=00b98h (  2968) load[0m
[0;32mI (100) esp_image: segment 2: paddr=00020020 vaddr=42000020 size=16254h ( 90708) map[0m
[0;32mI (119) esp_image: segment 3: paddr=0003627c vaddr=3fc91e98 size=025e4h (  9700) load[0m
[0;32mI (122) esp_image: segment 4: paddr=00038868 vaddr=40374000 size=0d2e4h ( 53988) load[0m
[0;32mI (135) esp_image: segment 5: paddr=00045b54 vaddr=50000000 size=00024h (    36) load[0m
[0;32mI (141) boot: Loaded app from partition at offset 0x10000[0m
[0;32mI (141) boot: Disabling RNG early entropy source...[0m
[0;32mI (153) cpu_start: Multicore app[0m
[0;32mI (161) cpu_start: GPIO 44 and 43 are used as console UART I/O pins[0m
[0;32mI (162) cpu_start: Pro cpu start user code[0m
[0;32mI (162) cpu_start: cpu freq: 160000000 Hz[0m
[0;32mI (164) app_init: Application information:[0m
[0;32mI (167) app_init: Project name:     analisis_espectro[0m
[0;32mI (172) app_init: App version:      bc6dc7c-dirty[0m
[0;32mI (177) app_init: Compile time:     Apr  8 2026 14:46:06[0m
[0;32mI (182) app_init: ELF file SHA256:  d65aaaa4b...[0m
[0;32mI (186) app_init: ESP-IDF:          v6.1-dev-2938-g12f36a021f[0m
[0;32mI (191) efuse_init: Min chip rev:     v0.0[0m
[0;32mI (195) efuse_init: Max chip rev:     v0.99 [0m
[0;32mI (199) efuse_init: Chip rev:         v0.2[0m
[0;32mI (203) heap_init: Initializing. RAM available for dynamic allocation:[0m
[0;32mI (209) heap_init: At 3FC99690 len 00050080 (320 KiB): RAM[0m
[0;32mI (214) heap_init: At 3FCE9710 len 00005724 (21 KiB): RAM[0m
[0;32mI (220) heap_init: At 3FCF0000 len 00008000 (32 KiB): DRAM[0m
[0;32mI (225) heap_init: At 600FE000 len 00001FE8 (7 KiB): RTCRAM[0m
[0;32mI (231) spi_flash: detected chip: boya[0m
[0;32mI (234) spi_flash: flash io: dio[0m
[0;32mI (237) sleep_gpio: Configure to isolate all GPIO pins in sleep state[0m
[0;32mI (243) sleep_gpio: Enable automatic switching of GPIO sleep configuration[0m
[0;32mI (250) main_task: Started on CPU0[0m
[0;32mI (260) main_task: Calling app_main()[0m
[0;32mI (260) ANALISIS_ESPECTRO: Inicializando analisis de espectro[0m
[0;32mI (260) ANALISIS_ESPECTRO: fs=16000 Hz, FFT=1024, periodo=1000 ms, export CSV por serial[0m
[0;32mI (280) main_task: Returned from app_main()[0m
SPECTRUM_CFG,16000,1024,512,15.625000,hann
SPECTRUM_FRAME,1.006339,93.750000,46.206493,hann,512,20.745409,21.067217,42.614861,51.289268,47.480255,35.534775,46.206493,44.616608,31.313524,39.139156,40.098618,28.964024,37.671078,40.826424,31.212938,32.914951,38.053139,30.847324,21.094631,28.949701,21.567162,25.227772,36.290302,34.032562,21.660574,36.183434,36.138451,20.000734,31.812456,33.662319,23.691097,29.314507,33.704861,27.419443,25.082611,32.703430,28.053789,16.733940,26.380970,23.219862,19.485647,31.416779,30.711830,19.440031,32.474007,33.912560,23.508081,27.537247,31.119816,23.175104,13.557076,19.788074,16.414879,16.169132,26.284908,23.463028,14.183886,27.734034,26.297462,10.404295,26.267521,26.314247,15.419364,24.480621,26.396912,20.090139,20.440273,24.413212,20.322027,14.311432,18.577923,15.877037,9.623306,12.974834,11.999128,3.292942,8.346212,11.978991,7.099367,-1.839738,10.252665,7.880598,4.571031,14.401988,9.855302,7.800622,17.953228,13.114933,9.590596,19.027161,16.282513,6.736722,17.058016,17.187904,5.813352,15.278110,18.014629,8.641810,15.337962,19.621153,10.436230,12.403126,18.180492,12.420033,4.423014,14.531754,13.541470,-3.499470,15.114665,14.665109,3.479281,14.979189,13.224119,1.121196,15.084284,14.948607,7.591754,13.824697,18.139996,13.764149,5.457544,15.769044,13.729324,2.346687,10.427551,7.335087,7.367057,15.994836,14.184355,4.365538,16.148022,16.344564,4.497729,12.409262,12.685805,3.543008,7.963180,10.454444,6.788199,1.541486,9.802959,9.924543,1.450972,2.148005,6.665967,2.875949,10.568766,9.222424,3.817296,11.950097,13.283252,9.994055,9.185555,11.864708,11.834562,8.638367,4.146086,8.221865,8.104786,3.776720,-1.207465,1.095881,6.933678,10.071340,3.970189,4.872791,10.207748,7.813162,5.311432,-7.020583,1.554562,5.700327,9.753014,7.248985,1.313979,12.934845,12.712305,5.821432,8.950144,11.045771,7.746091,-17.214905,7.454999,3.648695,6.421422,12.609624,6.497145,7.435484,12.692938,8.892151,6.304410,6.089239,7.681183,5.505871,1.619937,10.535593,3.541731,6.939205,11.487833,1.322992,4.792743,6.906404,-8.805599,-0.401629,5.864095,5.988297,-2.724454,10.937309,10.100920,0.591976,10.772086,8.202262,1.250912,7.261345,1.413298,-11.130764,5.759966,7.532982,4.818224,7.548602,9.621889,7.439157,9.523405,8.329545,1.568847,9.046492,8.358031,1.368589,2.088896,8.615707,8.314913,-1.294246,7.950857,9.351174,4.999512,9.696959,10.471447,3.495071,9.914829,11.566332,5.871052,6.077094,9.952069,7.930258,1.552075,6.954070,7.003526,3.035653,8.430455,8.115922,-2.480122,9.406165,11.141139,3.283413,7.068800,12.591440,11.022083,0.237448,11.424495,12.990454,4.864107,8.069552,11.354847,7.659914,9.552649,13.047475,7.105500,11.490951,16.345772,11.995015,10.793762,15.943812,14.442468,11.577881,12.554861,11.383453,13.355463,13.279592,7.028101,11.664424,15.266563,13.815832,2.284925,14.144850,15.046605,4.074483,9.931516,13.846390,10.597463,7.901604,14.182478,13.224000,11.704068,15.328823,13.811630,13.391985,15.715023,12.908158,11.462916,14.919043,12.225435,3.849469,11.612273,10.637317,6.639535,7.090358,7.361513,8.463187,11.721573,9.434914,3.230283,12.999701,11.551031,1.224703,9.180503,9.914230,5.772222,-8.792057,5.104737,7.171206,4.168097,7.210844,7.629262,7.937343,10.185012,6.276657,7.627568,11.399547,5.750452,4.029452,11.843618,8.646477,-4.949723,10.962764,9.113273,-17.276522,8.024763,5.027366,-3.101169,1.639647,-5.361796,4.671768,-4.144885,5.932970,6.636686,4.013119,9.547513,4.496828,6.254597,9.667404,0.681478,7.381554,6.360657,0.221032,8.503450,-2.554998,2.431750,6.654116,3.327069,5.844866,1.267355,5.612035,9.073827,1.379920,4.000226,10.814805,2.912517,2.341802,10.627243,4.942132,3.352346,8.495444,5.251926,4.925070,4.054396,1.529353,3.408469,2.422071,4.202261,0.130586,8.332047,10.143110,2.402638,11.017115,12.546068,6.274123,10.455759,12.510345,9.331815,9.681608,11.752481,10.441225,11.445141,11.897322,9.668988,11.439648,10.540299,6.008406,8.461287,4.922110,-10.545944,2.361625,2.428498,6.098863,-11.039158,2.896988,8.808546,5.070020,-2.118380,9.056496,8.836338,8.058800,12.513451,9.987220,10.818371,13.780882,10.404966,8.377033,11.297536,9.204088,0.078850,4.497257,10.227627,6.675852,-10.410101,11.825987,11.516054,-5.836820,11.051695,13.264256,2.975731,12.009507,14.623374,5.371811,12.551518,16.365250,1.309078,9.430107,17.589291,6.505293,3.888984,19.503471,15.256458,3.537908,21.064888,20.119160,5.986523,20.736446,22.433453,10.274962,18.916048,23.102707,13.324934,16.836193,23.513517,15.961646,14.514740,24.177803,19.699169,12.435084,24.320602,22.646694,12.558750,23.352325,23.867294,13.320336,21.077482,23.631367,13.446418,18.265026,23.173161,14.202633,16.196255,23.401928,16.811375,13.372896,22.809940,19.101864,7.184656,20.264870,19.827007,1.702523,16.630787,19.587486,7.691113,13.610964,18.822924,9.557076,8.877134,16.732361,9.290255,0.436852,14.148825,9.833818,1.880077,13.254478,10.827685,-0.687953,10.862231,8.879202,0.457797,3.081300,7.738926,10.201617,0.809084,10.119164,13.353662,9.127160,8.501301,12.032402,10.429165,7.648590
[0;32mI (1660) ANALISIS_ESPECTRO: Frame exportado | t=1.01 s | pico=93.8 Hz | 46.2 dB[0m
SPECTRUM_FRAME,2.028690,93.750000,45.576546,hann,512,20.500414,21.096161,42.115089,50.705799,46.932854,34.935440,45.576546,44.043980,30.824993,38.526844,39.687656,29.150934,37.363430,40.552006,31.220018,32.618584,37.705299,30.679920,18.568258,27.925806,22.905407,25.920872,36.272900,34.410362,23.613571,36.358482,36.477390,22.018875,31.647442,33.436897,22.608843,28.809391,32.784557,24.342953,26.446575,32.729755,27.194725,19.220055,26.864187,24.295366,16.348797,30.319553,29.319160,14.005693,32.227745,33.301704,19.470497,28.329826,31.417082,21.634790,16.414068,19.629272,13.305627,17.581980,24.762867,20.374451,17.918127,27.651024,25.611963,13.683702,25.095715,25.468826,14.523239,20.216990,23.548880,16.369169,13.834716,21.133415,15.884710,4.564366,17.579243,14.004432,3.189125,15.223046,12.600785,3.884422,11.721425,10.337476,5.153675,6.434079,8.412675,5.999975,8.607479,13.173130,3.327076,9.687387,16.418943,10.268156,9.756301,16.951241,15.716587,5.331905,15.809630,15.784155,-6.612701,16.152830,15.968843,-11.882637,17.209032,19.434006,9.111405,16.238644,19.878944,13.935666,11.418640,16.606054,12.127527,-1.250139,11.333632,8.021805,3.858364,14.334621,15.018484,6.808145,16.173689,18.275911,10.326118,14.045639,18.428766,11.881996,9.049269,16.069561,12.283503,4.465610,13.901834,13.171289,-2.463276,12.768816,13.319597,-2.965812,10.416212,11.114998,-8.088206,9.895078,12.081126,6.522799,6.904291,13.445995,11.984893,2.644484,8.576529,12.471186,10.271147,4.231835,9.539978,12.618338,12.520013,10.123484,11.188719,13.389511,13.227484,4.544647,9.904191,13.249706,3.729941,-0.785289,8.436627,8.689990,4.064627,7.547882,10.576262,7.858966,12.317381,14.002600,8.264160,11.212854,14.193645,8.795872,4.299119,7.349501,7.177890,-9.727302,6.003627,5.406036,0.545923,11.306244,9.691835,1.662221,9.519824,8.735201,-3.751972,6.000899,0.659866,-5.438094,0.867572,4.004043,1.231189,-4.193976,1.791965,-0.837500,6.844398,4.941419,4.717366,8.691255,10.350912,10.248318,7.390165,10.553994,11.151557,4.158253,6.930901,8.929279,1.384052,-2.623169,5.305895,3.623359,-6.196840,2.124177,2.900087,-0.352219,0.503542,-2.230885,-4.776107,2.513864,-4.107561,-5.788237,3.020310,-1.138116,-4.955073,0.840325,-0.674334,2.284723,1.193401,-14.472755,7.428036,5.490508,-0.019678,6.261353,7.631846,3.507671,-3.802819,6.385786,1.900698,-7.500813,7.970874,2.905534,-5.429356,9.788943,7.426474,0.476568,5.155195,8.532003,3.190213,2.988770,8.906894,1.982062,9.218890,13.461857,4.373933,8.002414,15.067759,9.738167,0.277615,12.390440,11.035590,-2.160701,7.178666,10.235591,3.258140,8.058048,11.477554,7.813278,10.190129,11.164779,9.525076,11.668582,10.926477,3.985586,10.322980,13.675080,3.718977,5.055233,14.479136,11.897406,6.597532,14.350953,12.967344,8.229532,13.872114,13.292059,2.046493,11.287068,14.767575,5.208858,9.406384,15.913240,10.455053,11.151352,16.679947,11.326700,10.344010,15.944302,12.075579,4.808607,13.055743,12.839766,-13.562056,9.753841,13.109091,-1.526822,7.172277,12.572303,3.057415,0.745649,10.248453,6.361135,-17.836401,8.910280,9.386354,-1.512961,9.327596,11.678810,3.772687,7.404996,11.672132,6.808094,8.105206,10.772129,6.419130,9.926797,12.250601,3.791814,7.654324,11.988412,4.632946,-1.281774,8.803318,6.978595,-1.496572,10.759973,12.073921,3.104970,11.777487,14.881449,7.653158,7.300895,12.680946,10.187425,-0.910106,-0.353906,5.933408,5.059974,9.311069,3.386532,1.309532,10.282869,12.230874,2.650234,7.511470,12.921691,10.746932,10.857768,12.105302,11.280283,11.751517,11.352426,6.732668,8.082779,3.574598,-4.610066,-8.669247,4.394306,6.904150,4.186237,10.430703,12.576671,7.508717,9.221266,12.703929,9.532310,4.856243,8.716599,10.039291,8.293304,8.631329,7.788710,11.055973,11.353988,5.796021,9.061171,12.288931,2.405307,5.018898,11.322601,-20.147963,9.269388,9.205856,2.606270,10.553937,8.970326,6.274585,6.702206,7.443864,6.600832,1.218818,-2.623052,4.256976,10.000359,6.810941,1.457090,12.363148,11.690788,7.783967,11.664113,11.226296,10.032515,11.666516,8.613045,6.777198,11.328315,10.549493,3.748162,8.755696,10.867167,8.079730,10.719651,11.182747,5.688154,11.124545,14.538512,5.036029,7.781900,15.824135,11.127658,9.400405,16.865494,12.959128,9.205332,17.173204,15.339746,-1.364634,13.926429,17.089516,8.309513,12.846665,17.998400,12.331738,15.737133,20.204876,13.346858,13.984442,21.367949,17.512770,10.189929,21.263865,20.932922,13.375898,21.453377,22.944611,15.224173,20.789110,24.101913,16.890244,18.658054,24.429905,19.484037,17.545105,24.520502,21.138849,16.755087,24.351675,22.348499,13.666635,23.090664,23.742958,12.519142,20.950607,24.646503,16.140257,18.595474,24.505251,18.071667,15.285049,23.259192,18.877748,11.171511,21.474695,19.763060,9.761315,19.320248,20.229725,10.827982,15.808916,19.162834,11.868825,13.218446,17.660900,11.601641,12.469922,17.942951,11.897465,8.176404,16.817949,13.337727,2.541750,13.090606,12.209312,3.588406,10.655347,8.719641,2.382779,5.306650,9.628974,4.086197,-0.424681,12.242994,8.187293,8.463334,14.405848,10.776520,11.337864,14.197929
[0;32mI (2680) ANALISIS_ESPECTRO: Frame exportado | t=2.03 s | pico=93.8 Hz | 45.6 dB[0m
SPECTRUM_FRAME,3.051054,93.750000,45.400902,hann,512,16.733047,15.839086,41.793411,50.461216,46.618977,34.525841,45.400902,43.801746,29.572853,38.026142,39.271778,27.788708,36.258560,39.801048,30.277775,31.165512,36.806515,29.657249,14.990541,26.606152,22.122665,25.201637,35.689484,33.894123,22.889650,35.697319,35.889347,20.915577,31.401325,33.204742,21.948460,29.553543,33.122021,25.647228,26.861094,32.794594,27.723969,17.681925,26.487762,23.610533,15.844041,29.737356,28.809956,16.793716,31.862473,32.865913,20.719061,28.295958,30.888079,21.687683,17.769073,20.007029,13.582346,15.556387,24.637518,21.768419,16.463245,27.281210,25.799984,12.251726,25.631325,25.479713,11.194826,23.041271,24.507442,13.662095,19.376463,22.647066,14.939077,13.610085,17.771818,12.392625,9.670404,13.563282,9.866163,9.011897,11.280061,7.406018,6.812867,6.574996,8.898003,-3.932441,11.060335,16.230986,10.267449,12.287962,17.864111,15.553947,8.728817,15.674623,15.544438,8.358721,8.453980,11.386572,9.011192,12.224529,11.580881,3.805200,15.632285,16.326159,8.361685,14.058074,17.661556,12.285505,9.340441,16.339825,13.786544,3.573724,13.285568,13.583655,-0.977378,12.700661,13.676867,-0.162219,14.826567,17.270727,5.438016,13.998911,18.467104,11.395277,7.544143,14.790142,11.222532,-2.458205,8.163322,3.474790,7.891120,14.346581,11.877160,7.660290,14.952374,14.139521,5.941193,11.014120,10.260802,3.857781,1.579861,7.650923,-12.967272,5.218323,9.997679,4.850054,7.432423,9.240069,6.980420,5.046329,8.758060,7.950877,0.308765,7.496778,10.786917,0.106082,4.315967,10.885181,6.154538,1.286926,6.439171,8.371964,0.398801,-0.602780,5.334958,3.825795,7.161959,4.672575,4.900268,9.300409,9.528902,4.886632,9.397452,7.685680,6.256248,7.269661,-2.963190,2.378290,-1.305173,6.229729,3.055237,-1.694784,8.280788,8.697548,6.427947,5.527637,8.067816,7.699499,-12.680428,7.640638,4.174087,4.464309,10.793034,5.547494,8.252625,12.046547,8.491730,6.232019,10.445669,5.700364,-2.051385,3.931109,-3.019079,-0.001648,1.000857,3.609865,6.413062,6.132841,4.341482,7.234288,5.564603,-4.503221,1.711113,4.313893,2.761076,-0.785028,4.729421,9.024681,8.831533,5.613686,10.085721,11.238277,8.517728,8.445348,10.334436,10.373635,7.860127,7.364541,9.147555,8.853619,5.380309,4.287711,6.239306,4.100642,1.294909,-6.019197,-3.791483,-1.334425,4.266307,2.754021,-5.744734,4.390442,8.949985,5.429957,-5.906818,8.945412,7.964517,6.184927,4.969943,7.905550,10.504541,8.392509,9.757997,12.355212,12.244698,12.353858,12.468177,13.026217,13.068519,10.235972,10.639600,12.427840,8.204732,7.097488,11.713154,11.168061,10.654593,11.959513,13.206656,11.740127,12.404017,13.756744,10.035316,10.226999,14.189453,10.846714,5.038795,13.380957,12.598666,9.587823,9.455856,11.860474,12.054921,8.000374,10.551970,11.140117,10.462931,12.644072,10.574295,7.075102,13.458663,12.734735,4.287163,10.745861,13.870043,11.818609,9.686472,13.278820,12.423862,12.622739,12.669184,7.920799,11.312632,12.872668,8.803560,4.447821,12.549459,12.486743,7.152272,12.726941,12.421198,8.222558,13.394765,10.547407,1.990153,12.066827,8.284778,-3.431562,7.036437,3.473693,-3.341936,-4.311513,-6.010458,2.505963,0.698268,4.750589,8.414047,4.326476,7.697909,9.249956,4.793214,7.305751,6.931944,1.867279,6.574778,3.763914,2.539649,4.686261,3.754335,7.542491,-8.139037,3.806093,8.356101,2.330491,5.471917,4.028548,4.180120,8.539694,7.083125,-20.034817,9.363007,12.680046,7.319574,10.406452,14.171694,10.956134,12.056309,13.546894,8.874985,11.225944,12.683315,6.094414,6.290890,12.479199,11.064309,-7.037812,11.392490,13.486052,5.669736,7.779478,13.094671,10.204844,8.861248,11.726193,9.412688,11.350256,12.622088,3.646436,7.462219,12.262650,9.726920,0.030238,7.745842,13.077028,11.038029,8.438953,13.150928,11.816204,10.685705,11.811657,7.660127,6.066897,7.297377,4.695508,-1.590732,0.745885,6.361511,8.175600,10.427145,9.384908,7.971101,12.668856,11.738441,5.038078,11.384779,11.212481,6.754617,9.945379,9.424697,6.679163,10.840889,10.322729,6.901587,10.750019,11.662397,8.399821,11.427479,12.696448,6.962240,12.104406,14.594327,6.793897,8.793014,15.534107,11.315342,2.814881,15.589099,14.643202,8.301928,16.571766,16.951458,10.177058,16.893364,18.190369,10.002623,15.122441,18.186848,10.013475,11.230668,17.760414,12.464132,8.773994,18.202688,15.582417,11.111884,19.770477,18.264874,10.728077,20.393112,20.526735,10.667525,18.735855,21.626541,14.729298,17.922575,22.641758,17.368767,19.279520,24.699354,19.661116,17.974895,25.504375,21.898468,13.211180,24.128910,22.934427,10.593618,22.181341,23.805054,13.566436,21.048878,25.150450,17.233807,18.834272,25.351961,19.586264,16.029179,24.448853,20.350325,13.480559,23.516048,21.172646,7.596054,21.295176,21.568480,4.263562,15.894300,19.851801,9.226417,9.773182,17.833134,11.272864,8.010167,17.174362,13.254187,4.105051,13.494684,11.952705,3.098663,9.928919,7.793285,-1.200109,11.014180,11.905386,-0.409311,6.660552,10.576763,3.902649,3.194739,6.612249,4.602218,6.960139,12.803121,13.142035,9.896513,13.155809
[0;32mI (3700) ANALISIS_ESPECTRO: Frame exportado | t=3.05 s | pico=93.8 Hz | 45.4 dB[0m
SPECTRUM_FRAME,4.073414,93.750000,45.606457,hann,512,17.023771,17.675827,41.996140,50.687798,46.998970,34.833874,45.606457,44.231140,31.364563,38.493587,39.684452,29.373367,36.928360,40.068855,30.734226,31.723450,37.083420,30.157375,19.930462,28.450981,23.808655,26.910398,36.238518,34.161659,24.762604,35.938766,35.928375,23.232327,30.651770,32.970104,23.376101,28.239534,33.174999,26.690100,25.833771,32.796154,28.511478,15.726669,26.181435,23.240479,17.113054,30.439705,29.671059,19.273746,32.280575,33.794727,24.511082,28.032768,31.674473,25.460157,10.359951,18.419434,16.765062,19.492390,25.125793,20.753628,19.941423,28.050610,26.386444,15.939017,25.745995,25.873587,14.819401,21.101503,23.716389,13.886537,15.017159,20.993397,13.485250,6.066420,15.884007,12.908493,-13.159413,10.118513,13.335418,4.732208,-5.451837,8.059630,6.794336,7.799995,7.659267,-3.132185,11.859678,16.055733,10.773406,10.485645,17.260900,14.538021,2.793545,15.799889,13.953285,1.100048,11.449760,14.276017,3.269050,12.783991,16.793211,8.295899,14.888933,18.751823,11.691263,11.985157,17.621792,10.523926,8.645478,12.776281,3.749003,8.404320,13.559264,11.975039,5.118309,14.152264,15.674688,6.731832,11.010435,15.863541,4.705096,11.941582,16.530998,7.960622,12.046967,16.760262,13.949797,5.657616,14.404140,13.860988,-1.515366,11.783437,11.001411,2.160452,13.084826,12.872669,9.620575,12.144795,13.470778,14.023590,7.120144,10.079240,12.844458,10.796583,6.724501,2.905468,12.971642,12.563104,6.281930,11.968449,14.560555,12.366700,11.712633,13.193530,12.995090,11.617176,9.826405,9.855281,9.493625,4.673298,-1.659883,6.001302,-1.686199,2.097259,6.881319,5.458328,4.796524,9.522453,6.824501,-5.087070,9.128676,-0.840250,5.447452,9.116762,3.941894,9.337440,12.181697,11.792454,9.433637,11.419174,13.298177,9.808177,0.271043,9.640615,9.548133,7.206718,-1.893631,7.664915,11.984049,8.753387,8.279274,10.758109,8.396753,8.591771,5.556591,-8.014554,2.095944,1.767436,6.379229,0.447717,1.806006,8.998590,8.053317,-3.087849,4.147249,7.353192,2.084439,1.084562,6.574126,8.642948,9.087681,10.225228,11.207670,10.672656,10.889046,10.966513,8.739534,7.442496,7.958718,5.577765,1.917113,2.540027,5.084484,5.764722,4.403385,4.208137,5.698566,5.414528,3.311263,0.078986,-3.142411,-1.295927,-3.004689,4.195138,0.245442,-6.415279,9.967027,10.656635,3.883524,11.199396,13.704424,9.209978,11.936110,14.365355,10.212239,11.971901,14.979494,11.200369,9.898670,14.324542,12.712249,8.948227,10.947573,10.519705,8.991252,10.447491,3.287534,3.785791,11.708439,10.558352,-7.623592,8.729812,11.660189,3.279212,-0.376504,8.485684,6.008377,0.852828,11.744777,12.904359,9.445037,14.444798,16.110149,12.933904,14.821341,15.986152,12.743626,13.967489,14.831488,10.023920,11.487272,14.884144,10.385128,9.154285,14.737717,11.800924,8.938854,14.861101,12.896682,6.965293,14.814892,15.671112,7.700102,12.721658,16.223907,10.556347,8.353414,12.355214,7.821892,1.129668,6.753119,0.289188,-2.340874,13.033639,13.781538,8.338123,15.019660,17.172266,11.514488,13.756607,16.947275,11.431730,8.654737,13.930328,10.553896,-1.894457,7.001354,9.830169,7.635230,6.953705,7.522002,9.347691,11.778188,10.282524,8.527872,12.900402,13.598967,9.962572,12.703668,14.008103,9.741181,11.112139,12.515930,6.734436,4.106360,8.643553,8.815844,1.202808,-0.720083,10.047625,9.563821,6.413971,9.704195,9.854588,8.840414,11.013123,9.604737,6.757931,10.490789,10.402822,4.657313,6.210092,6.530022,0.438108,-1.372604,-8.205794,4.439229,0.037521,5.101792,11.704167,7.325342,4.599559,12.865715,10.197952,-0.632373,9.786592,8.697451,-0.833229,4.514003,3.069385,-2.686858,2.332217,1.062486,-4.119788,0.565758,-4.192152,-1.300591,-0.556980,-2.642563,-2.226076,3.729109,4.528257,-4.974095,8.003767,7.393207,-2.101437,8.312545,9.079448,3.020602,4.829011,8.392500,6.491632,-0.440447,6.740452,7.762035,0.438212,6.802046,5.873136,-1.458143,5.614558,4.152600,-1.869618,1.034835,10.037956,10.433067,-3.081152,12.641623,14.164628,5.838041,12.125986,13.394960,8.258058,9.714016,8.161660,4.757911,6.801088,-0.071132,-16.277554,4.182294,2.754576,6.115289,2.821625,4.870682,13.152849,6.813850,3.982055,16.033041,12.144842,6.902868,16.454979,14.054174,10.135417,17.290884,14.703994,9.116364,17.746820,17.356169,3.831214,15.744526,18.566114,6.561491,13.229871,18.543373,6.857814,11.965000,19.836241,12.045528,6.975652,20.087677,17.669563,-28.122822,18.945000,19.863380,2.295042,18.389894,21.815659,9.511662,17.038486,23.855835,16.890799,15.688259,24.766075,20.488291,16.247583,24.795620,21.661585,14.600791,23.633381,22.251177,7.582663,20.779034,23.021622,9.835423,18.712212,23.914301,14.870324,17.890017,24.200226,16.668514,13.657260,22.401546,17.678099,2.814129,18.848543,18.231739,10.590120,18.701481,19.399349,12.786532,18.820250,19.863815,11.266407,15.974895,18.199358,6.689231,9.645411,16.122290,10.950576,-13.955154,14.699873,15.445576,9.222382,12.092251,15.341488,11.715919,10.720976,12.423859,7.715859,6.814166,9.733389,6.354348,-0.277822,7.288586,10.923643,9.929952,9.976379
[0;32mI (4730) ANALISIS_ESPECTRO: Frame exportado | t=4.07 s | pico=93.8 Hz | 45.6 dB[0m
SPECTRUM_FRAME,5.095781,93.750000,44.617226,hann,512,15.283326,17.687071,41.231117,49.850075,46.102661,33.604546,44.617226,43.099815,29.559719,36.947983,38.083939,27.448385,36.198891,39.467358,30.230215,32.168831,37.267517,30.204592,18.817616,27.411165,20.983307,22.785744,34.082771,32.105328,18.694361,34.369858,34.697372,17.937981,30.605402,32.584221,20.903471,29.644260,33.096996,25.452909,26.946770,32.736668,27.563620,17.916632,26.430616,24.490944,12.130269,29.245892,29.299496,15.678009,31.554756,33.180767,21.512434,27.879314,31.599854,22.617138,17.481148,22.857658,17.458059,13.885592,21.812641,18.659081,13.433146,25.516672,23.340439,11.984632,23.919273,23.622280,14.553929,22.027435,23.756580,18.106468,19.885727,23.504286,18.757240,16.005938,21.310085,16.448208,5.908745,17.952517,16.115999,6.836386,12.242987,12.450226,8.508550,6.976743,10.968672,9.810293,13.908487,18.198774,12.767828,12.323490,19.872992,15.609794,7.291498,18.892963,17.655298,6.946404,15.030052,17.635361,10.914194,10.236336,15.263020,11.729879,12.655354,15.877801,8.523336,12.185086,17.274120,9.880533,9.966063,16.592781,11.447382,9.524141,15.418350,10.849208,8.500208,14.044449,13.509190,6.157331,12.261891,15.617360,9.032401,11.275364,16.260845,10.079461,9.516450,13.465801,7.314466,4.061160,-12.193612,1.461369,3.021074,12.308637,9.654762,3.379955,14.953914,14.345835,-6.049730,13.895933,16.449421,4.788680,12.723053,16.350105,6.747599,13.429074,14.709150,5.670630,12.883032,13.160870,3.677187,11.852177,11.823682,7.699981,11.489110,7.551618,13.717941,11.863232,-1.240350,15.149427,14.390419,-2.888082,14.110389,15.114323,5.971077,9.725812,10.555286,7.032454,-3.968928,7.519403,2.930524,4.270031,8.967079,5.030541,1.185430,4.087987,8.031227,-5.395699,8.708652,6.522336,2.490019,12.503389,12.840998,-1.345171,11.818458,12.925480,0.624523,8.800903,9.236726,7.290137,3.397070,11.252585,7.774990,-7.502015,11.811748,10.210699,-9.088427,5.908954,6.922615,-6.221752,-1.039322,-16.481649,0.269830,1.018909,7.395640,5.024353,-1.796903,9.330156,8.531284,-3.511036,3.324929,5.202496,2.551824,-1.071073,-1.002677,5.420094,4.096259,-4.668721,0.525964,1.087292,-3.246142,-8.184164,-0.890717,-2.082010,-0.211731,3.238935,2.291669,1.823545,-0.502608,5.004997,6.100938,2.458923,8.938741,10.529875,6.788101,9.754478,10.074394,4.055274,4.401583,6.433212,8.074140,3.197385,0.685729,6.096782,11.023235,11.969297,8.663866,13.422043,15.205115,10.595351,9.530943,11.942005,5.733027,5.585195,0.723725,2.780163,-2.890753,6.770104,12.332535,7.211665,9.121035,12.622787,11.022097,-3.753297,7.231098,12.620352,6.706573,8.462962,13.027264,8.663858,8.481798,14.437643,13.282805,9.934271,13.252123,13.914132,12.850874,14.918964,14.737252,16.012194,16.861286,14.182960,14.198196,15.942353,14.805001,9.827719,14.830669,15.484181,5.056622,10.904552,16.746237,14.417371,9.708999,15.865331,15.743122,11.595718,14.481222,15.792110,14.880617,15.999852,15.531441,13.943850,15.412827,15.712744,14.283606,15.405720,14.226445,12.212453,14.359828,13.889127,10.499159,13.716706,14.416309,10.774744,9.133337,10.209999,9.177343,3.976972,7.666614,8.852615,2.083539,7.790936,14.008101,13.113430,10.778599,14.649412,15.114431,11.556711,10.369667,12.282414,13.341374,8.920824,-3.075039,9.546752,8.403961,10.097256,1.311918,7.611588,12.615647,10.068875,1.572899,10.800379,12.139008,9.349898,11.602409,10.375181,9.364668,11.151503,9.053720,9.467871,11.287367,5.934947,8.504536,8.819824,1.959422,1.326734,10.464310,11.126301,6.242864,8.498842,12.301243,11.881496,-0.362507,9.992865,11.090422,7.069446,-6.541091,9.356562,12.470552,11.232534,8.613502,10.939280,13.277805,10.542870,0.652326,12.334078,12.346704,6.444245,0.649900,12.604236,14.823158,8.559766,14.146566,15.866733,12.645720,14.796564,16.070332,14.149198,16.169575,16.200407,12.824813,14.562773,15.281204,12.907132,13.741920,14.455860,11.361056,10.971766,12.458205,11.726721,7.635478,12.846002,13.209019,6.114477,9.606666,13.075365,11.471239,9.987272,12.316628,10.687285,7.086388,8.876190,10.504848,-6.059059,2.855308,11.493010,10.876765,6.689280,15.095696,16.998684,13.932715,15.823239,16.792341,14.669741,14.868557,14.604639,12.828322,12.486582,12.409756,3.093091,10.205606,15.975141,6.711196,10.493065,15.921096,12.305566,-0.414096,15.430912,18.043837,5.533598,14.343903,19.292595,12.130642,14.264299,18.782784,10.419097,11.684874,18.398048,12.462922,4.316146,21.007595,19.856052,6.915722,20.482111,21.556025,9.904459,18.767830,21.614666,9.284853,17.341055,23.330889,15.534147,17.750214,25.509050,20.365108,15.498413,24.820499,22.492519,12.097530,23.424814,23.883551,13.575941,22.327847,24.926825,15.829784,21.222193,25.224447,16.742525,16.993265,23.084028,17.105125,12.014531,21.877056,18.434708,11.635705,21.592958,20.031395,5.942986,20.074339,21.389603,8.880793,14.547906,20.556358,15.656676,14.934828,20.048008,15.966606,15.692483,19.089815,12.815945,12.896638,18.272472,13.198415,6.696760,13.914898,12.501463,-18.552328,8.070106,10.711904,-6.356125,6.857577,13.068726,6.549736,13.036215,16.913431,10.275778,15.585700,16.656311
[0;32mI (5750) ANALISIS_ESPECTRO: Frame exportado | t=5.10 s | pico=93.8 Hz | 44.6 dB[0m
SPECTRUM_FRAME,6.118140,93.750000,44.416832,hann,512,11.803204,17.090666,40.826332,49.382111,45.639896,33.453403,44.416832,42.748436,28.730316,36.933838,37.697407,25.298344,34.951206,38.211040,28.068735,30.013597,35.557686,28.193199,15.339184,25.395699,18.923748,23.486492,34.437843,32.290237,19.195404,34.850880,34.674580,16.741907,30.907393,32.501495,20.978891,28.118860,32.107971,25.438349,24.776667,31.688440,27.177124,15.593578,25.760666,23.188124,12.824422,27.623230,27.246811,11.717470,29.740133,31.529352,19.697010,25.906624,29.843586,20.785769,15.957142,19.108624,9.341334,14.990742,21.042530,19.259308,13.850897,24.222281,24.035711,10.932355,21.423615,22.821867,10.961143,17.774336,19.726463,10.692396,14.790495,17.792017,12.225197,12.262295,16.316816,13.288542,11.651177,16.793781,16.538788,10.761217,14.524175,17.194626,11.541995,7.594724,11.913265,8.290873,7.371125,14.113493,9.069477,6.188433,17.220085,17.619041,-1.993080,16.830307,18.177765,9.788326,17.413313,15.553660,7.050794,18.246817,18.735182,11.272997,16.076262,20.310181,17.534822,7.593114,19.035069,17.124712,1.490478,17.139328,14.148263,-1.325575,14.116934,14.243245,5.262791,8.538237,12.137674,8.155828,14.206094,15.516530,-6.639314,15.843333,18.637173,12.722116,11.292662,16.559319,14.723572,3.494826,5.369833,7.698141,6.761590,12.303394,11.211693,5.429459,14.252165,15.791914,11.770411,9.369163,14.352276,13.366598,2.101449,7.509543,8.806154,8.211931,6.863001,-5.693554,7.456482,8.746845,9.208928,9.385446,6.046196,11.408844,12.551885,0.381652,10.235882,13.014767,5.002246,8.280138,9.652279,3.925102,9.693693,8.922903,-8.660484,10.752095,12.836369,7.143292,6.791959,12.371624,10.178074,-4.891881,2.972497,3.249713,7.189301,8.938587,8.457844,7.803513,14.432011,14.722394,7.249861,13.547787,14.880352,10.306442,6.139231,8.800889,8.897315,4.870646,-4.143458,8.985549,7.465708,5.814165,9.710772,5.509692,-1.689532,4.420726,6.742176,5.098784,3.293004,7.460838,10.402545,10.957977,9.746630,9.457149,10.692118,8.115952,4.949122,4.417351,-1.268757,1.753064,1.565944,8.018734,3.598733,7.303909,12.415613,9.926527,4.466009,11.723927,11.681993,0.106298,6.316998,10.085088,8.279704,-0.038816,2.614089,10.450611,11.319069,7.489264,8.635241,13.671283,11.888836,5.279706,11.613578,11.530738,7.341880,0.092529,2.589226,6.524101,4.929811,4.759464,6.747361,8.790675,10.018220,9.313223,9.417995,9.911573,8.366557,9.632074,11.203723,8.164080,5.686404,11.956217,11.465379,5.003220,4.267867,6.448629,8.013641,6.522431,5.882884,5.157218,13.074933,15.237593,12.041179,12.214364,16.221567,14.957407,9.303749,11.552644,10.747021,8.909349,7.443559,9.588293,8.392507,11.125374,14.615955,13.579027,12.102449,14.278315,15.145124,14.914981,14.174309,12.537039,15.616493,16.818830,15.289627,11.401709,16.093313,16.845905,10.513388,11.672016,14.766348,13.532902,12.474948,14.172516,12.017073,14.868000,16.373022,12.662162,11.981860,14.940996,12.883014,7.140908,10.549989,11.329767,9.452142,10.318125,12.549573,11.523052,12.577190,13.495897,12.695724,12.495260,11.196205,9.677899,11.774087,9.070219,3.782225,5.948813,6.106051,9.975122,1.398775,2.413542,12.853813,11.091967,8.208128,13.576050,12.232183,10.907324,13.751760,12.015396,8.702398,12.228709,12.310596,2.708014,10.346012,12.881422,2.194068,7.250039,10.946804,5.706616,2.200098,5.877872,6.414372,-15.667434,1.434011,2.487865,-1.219997,3.814024,3.136858,4.894089,1.409354,5.020198,8.923363,4.766914,5.383636,9.832539,4.840403,4.713595,6.222302,-16.154030,2.233662,1.788405,5.199764,-0.450179,2.525704,8.892920,5.494221,-1.401788,6.805285,6.451293,-1.349378,-6.816527,2.784111,4.856835,4.100560,5.437178,1.668956,6.748375,6.666004,0.210413,5.423713,3.720258,10.252205,5.464597,3.706663,12.110782,7.230394,5.005331,10.649511,5.779448,2.578346,3.502013,-4.148818,3.502416,-1.830292,-4.639770,-1.156916,7.106052,0.624201,1.327978,5.811628,5.530230,7.329906,1.350134,7.493553,7.094691,2.561624,7.751740,3.970714,-10.836450,7.429852,1.641835,6.846410,7.538948,0.245861,8.144262,4.905481,-5.265035,4.653707,-0.921400,-5.150312,8.276498,11.685401,6.776578,9.200001,16.207993,11.831312,3.127529,15.733547,12.524252,2.522874,13.404651,10.344311,-1.564644,13.278925,12.300123,2.104237,12.974997,17.114965,12.134315,12.944585,19.340118,15.046560,14.921820,20.893433,16.351284,13.608345,21.535717,18.435856,8.734093,21.051046,21.052778,12.260778,20.296402,22.403002,14.472086,20.430901,23.697689,15.160130,18.935539,24.817104,18.625530,15.133424,24.858131,21.642338,14.224515,23.833069,22.390003,14.185620,23.261044,23.401688,13.040058,22.262611,25.077562,16.806795,20.241703,25.673525,19.520332,17.805120,24.921726,19.974407,13.715031,23.853539,21.448467,8.633508,21.809271,22.766745,14.033098,18.876209,22.070112,15.004004,15.991970,19.692266,12.340109,12.350927,18.754885,14.848872,11.343884,18.385065,17.036818,13.219356,17.630957,16.608433,11.068436,15.005005,15.541389,10.292246,11.601225,15.765453,14.631982,13.726271,15.669898,14.670758,13.885086,14.563550,11.262727,5.762263,7.072403
[0;32mI (6770) ANALISIS_ESPECTRO: Frame exportado | t=6.12 s | pico=93.8 Hz | 44.4 dB[0m
SPECTRUM_FRAME,7.140500,93.750000,44.179150,hann,512,8.784046,17.549736,40.591164,49.308094,45.704086,32.425232,44.179150,42.711784,28.703764,36.525200,37.509605,25.383234,34.837173,38.423435,29.320339,29.519543,35.691383,29.836697,17.385265,23.727205,16.530060,24.881699,34.332527,31.666924,19.293421,34.712124,34.545422,14.140469,31.083157,32.892418,21.751419,28.924959,32.943993,26.559010,25.102165,32.054344,27.775612,13.709296,25.468796,23.283594,12.766903,28.578388,28.721378,11.280001,30.631371,32.598351,21.757927,26.791649,30.755522,23.419712,14.457771,20.625410,16.872047,11.336112,20.710575,17.575663,12.928480,24.650181,23.428341,8.201923,23.085184,23.324394,12.223930,20.027451,22.208679,15.009382,15.913148,20.503414,14.114753,12.841137,17.414593,9.584749,12.047668,16.075516,8.471972,11.681425,14.515640,11.735009,9.451887,11.073341,11.519767,9.470942,-3.729226,6.819499,6.906552,10.527090,12.184822,8.867641,12.820760,17.997477,17.916178,9.982614,18.058575,19.254684,10.700837,12.281315,15.962628,8.743759,12.640263,16.000864,6.984046,14.613527,19.314470,13.996415,11.006474,19.129189,14.160872,7.382277,16.521776,14.225374,5.938852,15.933286,16.692753,8.879494,14.698399,17.018673,12.124617,6.552829,14.058258,8.691339,3.652639,8.909550,6.371442,9.580012,14.384195,11.270420,5.787304,15.118728,12.001735,-1.371695,9.374186,7.799831,-5.327950,-2.327869,6.560578,5.483505,8.521062,13.607075,10.883085,7.894430,12.818456,11.405107,7.483844,4.042099,5.445162,6.338939,10.466345,8.265474,-7.236410,15.263498,16.338369,6.193325,14.208059,17.711777,11.712830,7.399018,14.430317,11.515011,3.408790,-8.637786,-2.771396,7.282806,12.273094,9.619976,5.891127,13.543755,12.597786,2.849473,7.044854,6.061785,2.621030,-6.357084,10.042514,10.321285,4.185952,16.203295,15.390133,0.638347,14.928102,15.505433,6.936725,5.336709,9.599218,7.205767,4.793072,3.026808,-11.569893,9.724794,12.280539,4.927180,4.846216,10.915302,8.480071,-0.350148,7.484155,8.237803,5.467237,9.002338,8.651978,4.258138,9.502510,9.452186,3.550915,6.469004,6.297252,2.509890,7.931620,7.872736,-1.964495,9.635080,10.412831,-0.801195,5.826484,11.569791,7.473927,-4.379692,10.639729,9.225998,2.374346,9.533346,9.324598,5.924580,9.927671,7.857734,0.051916,5.879927,7.585132,5.428413,-0.820788,6.337566,10.505085,7.794664,-10.252981,9.735579,9.983987,3.027861,3.606319,2.102424,8.658224,8.192816,7.828723,12.408313,10.733448,13.582911,14.330940,8.126099,13.299226,14.106647,6.415374,7.208628,8.809401,8.634200,1.446676,4.209158,10.753016,9.225497,9.947177,11.266650,10.754473,13.678422,13.635290,10.246940,15.212916,15.808686,10.641182,14.303731,16.538017,13.173115,10.918221,13.910213,12.665308,10.487223,13.066078,12.488028,11.022421,15.430737,14.748584,7.003489,15.294273,15.925903,9.912583,12.157295,14.145750,12.139584,8.402175,13.468617,13.661777,9.177603,13.783584,14.731268,11.875990,15.464225,15.464950,12.871319,16.877295,15.642190,9.279840,16.134186,16.288298,10.495100,12.509919,15.301661,13.323362,11.583547,15.391683,13.829698,12.914761,15.844128,12.691486,9.547110,14.162510,12.028503,9.325355,12.834035,11.418544,9.035723,15.112932,14.850290,7.517560,14.381901,15.812773,10.273089,6.049220,13.794321,12.961191,8.511631,12.740084,12.775249,11.424737,15.390156,13.896741,9.429482,15.335183,14.138182,3.398450,11.342868,13.715491,7.932679,6.442907,12.932191,10.853187,3.946502,11.844809,13.030878,9.231791,11.432128,13.160056,11.405731,13.283658,14.310494,11.863020,13.949489,14.666129,10.192876,9.864384,12.045036,8.630234,2.554683,3.364791,0.336037,3.408227,6.467424,7.125067,5.353526,10.593215,11.626435,8.498178,8.109712,12.036272,11.640996,6.634705,9.344366,9.745087,7.083437,6.582994,6.290250,5.024199,6.829048,5.149405,0.597932,2.152730,5.376616,5.454353,5.774356,5.680978,2.890073,6.605925,9.013027,6.177435,0.833510,9.525169,8.312605,3.919429,4.404058,9.055780,9.582802,7.130195,8.904743,8.710212,8.709565,10.418293,8.350128,6.131357,9.298618,7.794721,5.649278,10.276371,10.111120,8.260462,13.473883,13.091859,7.021009,12.721672,14.929283,10.440212,11.050960,13.995481,11.066137,12.666761,15.134071,10.116558,11.628255,15.695067,10.372096,1.951638,14.057693,13.788228,9.060188,16.728081,17.528179,12.166291,19.046959,20.999847,14.119070,17.494545,21.268356,15.938502,14.598110,19.926130,16.525639,15.722537,20.821772,16.836145,14.053130,22.137665,20.472391,9.666902,21.251320,22.808981,13.998017,20.242897,24.422607,18.106323,19.813177,25.137436,20.144293,18.317266,25.145628,21.941023,17.580011,24.997585,23.320621,17.477621,25.369362,25.118093,16.337311,24.510832,25.972574,15.505500,21.411085,25.619135,18.200272,17.380459,24.438932,19.900295,15.073224,23.841606,21.481495,13.531742,22.655266,22.173082,12.338722,19.925976,21.676901,13.998154,16.903891,19.582911,12.614411,14.406878,18.399677,11.947298,11.593199,17.599085,14.136272,9.746213,16.521061,15.131304,12.009579,15.493586,13.043938,10.358805,14.081687,12.597084,4.943006,10.954611,11.161200,2.820659,4.275289,7.295990,5.749135,4.002692,2.900813
[0;32mI (7790) ANALISIS_ESPECTRO: Frame exportado | t=7.14 s | pico=93.8 Hz | 44.2 dB[0m
SPECTRUM_FRAME,8.162860,93.750000,44.316246,hann,512,-8.295773,17.872700,40.556953,49.282452,45.744267,31.906925,44.316246,42.899010,29.165449,37.054981,37.779175,26.134708,35.241135,38.199955,28.044186,30.463192,35.421062,28.312893,12.783223,23.011909,16.309113,23.810261,34.193539,32.147781,18.423433,34.826538,34.978199,18.950050,31.161846,33.341042,23.918518,27.914825,32.473057,26.313951,23.768093,31.233103,26.672653,15.034298,25.039854,22.923771,13.030327,28.538496,28.692320,8.386337,30.591413,32.292942,19.686523,27.247623,30.648571,21.390266,18.952244,22.419170,16.509609,9.699497,19.897272,18.263910,6.040902,24.112265,22.943323,5.124909,23.384262,23.512087,8.164795,21.515524,22.847641,13.545724,18.377108,21.171825,12.764464,13.436462,17.827940,9.969995,7.547607,14.648728,13.157953,7.926387,10.990811,10.844941,1.812078,10.344838,11.440939,4.130497,10.667005,15.399842,11.947271,6.658187,15.711000,11.259307,2.262254,12.979512,9.860254,-0.594532,10.277649,14.391645,5.473754,12.816166,16.544397,8.688416,12.506808,17.264923,11.614380,7.641537,17.218971,15.577092,0.580645,16.770584,16.503042,5.442091,15.169295,12.387138,8.484336,12.526966,5.755055,6.929417,12.653699,15.401479,11.841321,11.786666,17.437117,14.959715,6.478244,13.629229,11.609449,-17.307779,11.118477,11.318075,-4.553062,14.870152,16.321413,5.236783,13.471878,16.586039,9.178315,8.024086,12.453237,7.905633,3.460615,12.206865,12.105328,-4.317476,12.841405,14.817576,6.900610,8.443862,13.475018,11.212960,7.079663,-0.419235,11.619557,13.544254,9.937523,9.744443,13.419521,13.795242,10.226226,9.448189,12.853884,12.805283,5.972204,5.048357,8.943624,3.198299,3.574585,6.512637,2.595632,3.896919,9.438027,7.799366,4.898311,7.716360,7.503632,8.884970,9.411961,-9.439189,9.952567,11.505379,6.867604,7.297965,7.955372,9.334027,5.020507,6.172672,9.534852,7.544112,9.052700,10.716375,9.591600,8.088396,9.056036,9.910896,1.206145,2.828772,8.823742,-1.123621,4.352916,8.714182,8.125308,5.138788,9.842955,9.962231,0.460513,6.987610,5.630135,4.966857,-0.698351,-4.258680,6.505522,3.508601,-1.864093,5.546574,5.449687,4.739987,4.805738,1.905806,1.116591,-0.960169,2.491318,2.201861,7.063758,6.643290,4.457887,6.988914,6.168390,4.523989,7.269249,3.998227,3.617877,6.379643,2.716972,-6.444976,5.978148,9.363173,6.409759,0.330805,8.827396,11.064264,4.928539,10.112189,12.816520,7.822929,8.240139,11.916972,10.598030,5.232255,9.916276,12.109262,8.423693,1.152244,6.622952,11.666108,10.475679,2.106112,8.496266,10.033441,11.562054,-0.940595,8.161520,13.303052,8.675250,10.273938,12.641587,6.145156,12.001455,13.723047,7.506524,7.756228,8.806120,12.639178,3.179526,7.556322,13.916202,9.786468,12.021713,15.111476,9.135826,13.060890,15.660095,11.147367,8.971212,9.715082,10.784128,10.740024,8.403536,1.367907,13.748972,12.056575,10.277981,8.046349,12.787169,13.991871,2.148318,10.471034,12.070923,7.731290,12.638409,12.392272,5.039559,13.506304,10.834908,5.689864,7.570542,7.536101,6.581343,9.626773,3.105542,-3.716421,9.432614,10.040632,8.542448,2.200782,10.490676,7.681211,6.241130,-0.073914,1.191533,6.775136,-3.566025,3.072312,-6.130669,1.804520,8.400633,8.326666,3.248117,8.722767,11.284307,8.429693,9.774619,10.863968,8.385563,6.196433,4.932577,4.914885,-10.309430,-4.092761,3.965690,-0.095319,-2.009880,-21.119623,-2.217174,-4.548574,-3.232692,-8.800398,-1.510514,4.056779,5.760255,4.168819,6.220283,4.280573,1.961246,4.746337,1.183615,3.274135,6.789596,1.820751,6.904925,9.344246,-5.186301,5.623736,7.776347,-3.042146,-3.124907,9.156629,4.510447,4.329112,9.442739,5.984190,3.848935,5.921702,6.552605,6.318025,-3.345520,2.392522,2.791879,7.875290,7.345805,0.138107,10.860581,9.538541,3.138375,9.947863,9.379868,7.514254,11.021079,7.038090,5.572677,9.525145,6.699755,-5.090561,7.767440,6.808816,-0.857866,1.849455,-3.332857,0.827968,2.679555,2.169267,3.830945,7.201092,6.020921,6.359810,10.537752,9.859085,7.825309,10.817996,9.075316,4.631188,9.488760,11.219538,7.460368,8.107874,10.756169,7.818470,4.414536,4.342133,8.482124,9.641520,6.651344,-3.717493,11.303183,15.502771,6.205641,10.808588,16.547022,10.538971,6.393015,16.781647,14.799753,6.233081,17.099394,17.728188,10.003288,16.156633,19.449251,14.536901,15.244466,18.153784,14.500737,16.955717,20.217421,15.571903,17.521399,21.996622,17.687508,14.656430,22.088449,20.333281,12.267794,21.120882,22.148056,15.018341,21.541574,24.520128,18.553486,21.616308,25.135418,19.189705,19.890289,25.272284,20.723534,16.637543,24.743874,23.020372,14.459469,24.216007,24.911783,16.123928,22.959064,25.195827,16.438602,20.479071,25.547903,19.555107,16.799152,24.524284,21.427050,15.309523,22.715988,21.346088,15.454525,20.783913,19.513700,11.221656,19.148525,20.163565,8.737489,15.969625,19.169233,8.265723,10.761354,17.440027,9.503966,5.235251,14.138122,9.551579,1.294674,11.937132,8.700648,7.981513,9.729691,2.700782,9.998437,5.312841,10.375074,9.278480,4.833248,7.328075,7.294851,7.847562,7.505823,3.704026,7.578293,8.689000
[0;32mI (8810) ANALISIS_ESPECTRO: Frame exportado | t=8.16 s | pico=93.8 Hz | 44.3 dB[0m
SPECTRUM_FRAME,9.185229,93.750000,44.783207,hann,512,15.685562,15.781255,41.081047,49.697041,46.142227,32.020939,44.783207,43.196632,27.825645,37.437935,38.219521,25.746706,35.349670,38.758606,29.712229,30.152523,35.979305,30.039871,17.849257,24.371494,18.961884,25.414286,34.788006,32.758286,18.600098,35.153183,35.346027,19.565350,30.733601,33.092712,23.719828,28.442974,32.750278,25.928247,26.361771,32.790119,27.958611,18.166042,27.332493,24.520475,15.391704,27.700445,26.938839,6.542449,30.605072,31.836710,18.255756,27.734547,30.791138,22.290041,17.540607,21.830616,16.367933,10.269381,19.251783,16.357792,12.736525,24.392231,23.756634,7.593227,22.566563,24.016459,12.867681,19.342625,22.751930,14.681948,16.333473,21.487532,16.275715,14.265872,18.988392,16.328873,14.788804,16.754917,14.577237,13.724662,11.672622,9.612464,9.310543,0.000888,8.081974,-19.825754,13.535451,17.486095,13.129000,14.841470,18.959295,18.371309,12.763136,16.642500,18.790934,11.266684,14.128098,17.365934,9.270219,12.144215,17.583578,12.257727,7.987799,17.624872,15.554500,10.245108,18.244993,14.595847,11.840069,18.614483,13.007885,8.354727,15.638792,13.250194,4.415771,9.600183,13.467217,7.480335,11.380244,16.333641,9.307592,10.238639,16.283552,9.854506,2.390756,9.975642,2.936923,0.950744,9.119393,9.872560,6.225190,13.345451,15.519419,10.695353,11.022539,14.981332,11.886897,2.999888,8.205107,8.479869,-0.551679,0.638852,-7.727156,2.413667,6.438944,2.135649,4.550839,3.703444,5.678817,6.534973,2.776055,9.767127,8.295583,8.085666,14.217381,10.665886,10.179466,16.213715,13.382101,10.253052,15.259818,14.950369,10.238188,10.984085,14.565666,10.466619,7.512728,13.712726,7.912175,9.607927,14.439604,5.170673,9.743073,13.218987,11.199097,10.093035,5.222263,10.784627,11.067849,6.249428,0.029640,7.209912,11.138527,10.772325,2.005469,7.702259,12.626808,11.181656,-1.445230,5.298438,10.264277,9.728540,5.758350,6.148800,12.560216,11.439305,11.725739,14.094931,10.595787,10.986101,13.204023,8.420502,1.051052,5.386238,4.317017,5.195323,9.445786,8.712309,4.184155,13.470092,14.147878,4.348211,10.423869,13.922443,8.841427,-5.222406,6.726282,3.888338,-2.698982,0.583602,3.098881,-7.310330,6.531248,10.315010,6.829313,1.343183,8.604694,6.668273,-0.273270,0.610583,-2.544500,-7.438704,6.798358,10.392295,3.916521,6.778027,12.749200,9.670725,0.715684,9.377204,7.571305,3.302608,2.754906,-11.306702,3.260578,8.232229,6.466110,-0.653413,8.483513,7.268509,0.422328,3.199641,2.592401,5.680201,-9.140899,8.582396,11.214180,-12.396808,11.664049,13.311053,1.397897,10.880272,13.340807,7.301962,8.531236,14.137582,11.225657,8.108968,15.538372,13.418852,7.117557,15.644880,13.820748,1.160147,14.165835,13.835676,4.139674,11.694410,14.039350,9.680786,11.173181,13.631753,9.443436,12.317039,14.186836,8.889336,10.515185,15.536713,13.527808,0.960933,15.223899,15.607052,3.968109,13.174586,15.343472,9.247603,11.904651,14.992781,10.253364,11.720506,15.176188,10.529259,9.678779,14.545449,11.407999,1.810030,12.970853,13.254405,0.925105,11.108689,14.218678,8.572799,10.197571,13.592940,8.851507,10.078950,12.553762,7.281462,7.935776,11.985521,8.682240,2.988099,10.657967,8.777403,3.269197,8.364452,5.316581,3.937463,7.391991,-0.734132,0.664386,8.434923,4.699170,-1.492286,9.281418,9.207894,3.935648,8.098478,10.534122,5.556865,3.453055,8.392895,1.635048,-4.839689,-0.103636,-3.986264,-7.111961,4.591183,6.634219,-3.826408,9.148186,10.155413,2.086524,9.207997,10.416545,3.374485,7.374373,9.703872,3.850898,6.041750,11.291159,8.349556,5.961358,12.504814,11.263657,6.441290,10.879163,11.106068,7.474234,7.118296,7.899531,8.457879,10.223372,7.790980,6.847064,12.715764,12.089324,-0.727577,10.643620,13.153183,7.256341,-3.008570,10.775968,11.737707,6.609940,9.602499,12.263803,10.465372,12.468555,11.621759,7.622890,12.280645,11.384098,2.768074,9.612206,12.218438,7.276339,11.083519,15.026704,9.666784,11.552286,16.401520,11.447636,5.435386,13.950015,10.588999,-1.051116,6.118183,6.715577,5.292287,12.116383,12.720737,4.668277,13.798152,15.915866,10.566054,10.995173,15.061665,11.886016,12.101206,14.413685,8.761153,12.450476,16.352768,10.952173,5.154564,15.364864,13.853645,4.452749,13.184336,15.255167,10.868237,16.594919,18.752272,13.399968,18.065964,21.200197,16.045723,17.094097,21.497711,17.091566,16.108465,21.284849,17.354393,15.098763,21.954374,19.292458,12.657393,21.699913,20.905987,12.340869,20.057835,21.116684,13.440350,20.024460,22.767555,14.883753,20.321453,25.446354,19.699305,17.252235,26.206776,23.245808,11.115377,24.868484,24.649490,15.254641,23.319109,25.141609,17.471939,22.534203,25.698664,18.535629,20.212387,25.640257,20.407841,16.525766,24.976236,22.198400,14.915628,24.554615,23.751358,14.172363,22.940607,24.245502,15.932598,17.798235,22.225798,17.376535,12.481907,17.273212,15.476829,15.129842,17.348667,13.141981,12.757030,18.214018,16.212669,9.388126,15.011970,16.459999,12.885519,13.077734,13.417227,12.004566,13.366432,12.566848,4.343267,8.308220,12.753550,10.642509,6.270144,12.442900,14.752649,13.107914,13.978924
[0;32mI (9840) ANALISIS_ESPECTRO: Frame exportado | t=9.19 s | pico=93.8 Hz | 44.8 dB[0m
SPECTRUM_FRAME,10.207584,93.750000,43.831326,hann,512,19.547337,11.667587,40.318825,48.838829,45.340500,30.668552,43.831326,42.265068,25.898373,35.837830,36.960800,25.884197,34.361290,37.992523,29.738804,29.981842,35.953720,30.525549,21.782072,28.329273,24.919661,25.034523,33.479908,31.557825,19.795158,33.686680,33.674408,16.214212,30.068998,31.758877,19.473036,28.883610,32.340538,24.955702,25.845974,31.764830,27.971397,12.785509,24.526016,24.817127,17.018255,27.916862,27.429392,10.377748,30.954029,32.122913,19.772430,27.549362,30.911619,23.866556,16.889975,23.021879,19.334524,11.784549,15.078260,11.729071,12.359790,22.276070,21.957771,5.235978,20.952385,21.530607,10.237397,19.621010,19.124231,-0.669615,19.227745,19.506662,4.404505,17.616047,20.382307,14.244787,16.247900,20.814562,18.068596,12.308590,17.598606,18.927525,13.361961,2.630985,9.387916,10.997303,16.499224,16.926638,10.466586,16.712765,20.925371,17.691723,11.629887,20.806608,19.212938,-1.733881,17.609173,16.858170,3.615659,14.363126,15.753651,6.484975,13.028059,18.227896,12.957192,11.506880,19.185522,13.701038,12.529682,18.995232,14.195231,11.031244,17.601177,14.583892,2.973412,14.092479,14.616695,8.985638,8.482992,15.800286,10.649018,8.981770,17.360094,13.021181,10.571953,16.953524,13.642978,6.228823,12.636524,8.383615,0.098847,9.051370,6.555110,4.472011,11.925901,10.916634,7.088036,13.294600,13.205981,9.995569,8.968321,10.948313,13.136360,8.603412,3.307264,11.244215,6.602659,1.691424,9.272834,1.521787,6.786778,12.568903,9.491306,5.567273,14.150961,13.574661,7.540353,11.390296,11.143826,11.482135,9.733478,6.602665,14.511813,13.393150,1.674544,11.651063,12.737946,12.448160,11.873768,3.620338,9.849508,10.612829,5.732094,-2.353996,5.760553,11.135697,8.795234,-7.608224,9.484135,11.910732,7.460117,-12.981044,7.458125,7.921135,-14.093719,9.563116,10.105255,3.994071,11.399145,13.316722,7.106127,4.949642,12.916821,11.478218,7.502597,1.424181,5.284841,10.339546,7.320609,5.261378,10.900966,9.455263,1.253457,3.070047,5.416965,4.659409,4.528433,4.140934,6.007087,8.545495,7.231184,9.395245,12.422591,11.552189,6.882548,7.359270,9.794222,10.554751,10.428841,9.934784,10.225649,10.391721,8.277328,8.882424,11.040316,9.360216,4.294049,2.399198,1.883161,2.780483,6.991831,8.259221,5.614694,-3.777497,3.021648,5.917361,3.559668,5.415526,9.282756,9.693242,9.132842,7.083001,9.367605,11.674867,11.125685,6.085091,3.671162,4.885624,4.251651,3.119323,5.344553,5.645938,5.904596,6.974597,4.760678,8.994054,11.102881,10.085230,13.266019,14.298648,8.415316,12.987460,16.293131,13.664540,7.156311,13.553715,13.471096,3.601612,11.159987,14.366434,11.842698,10.344453,12.863857,10.463096,11.388845,13.331287,12.413329,10.078772,10.013445,8.746411,11.218353,13.723993,12.657473,10.045632,14.929686,15.230377,3.976164,14.290009,17.237799,13.594007,10.993938,15.486068,14.344450,13.400505,15.958661,15.204649,13.642583,13.992947,11.969725,12.301445,13.460588,11.513147,11.222486,12.484097,10.002545,7.005075,15.053157,15.347292,8.970255,13.257798,15.331983,11.388888,12.114679,14.825907,12.614887,8.909102,8.165430,2.992383,4.692598,5.941641,9.458620,5.968646,5.621147,11.193054,8.389767,11.120653,13.750729,9.814936,10.831083,13.100712,8.313398,7.018663,13.448708,13.455086,3.691125,5.493748,9.536047,7.089517,-11.667866,2.289848,6.440749,3.147011,1.539926,-8.404945,2.446391,6.670759,7.912707,-3.525140,-1.562143,4.530108,-5.478663,-0.978129,6.861923,7.462320,-0.364847,-0.518323,5.617439,-10.325923,3.374553,7.408749,0.365438,-3.630780,1.314001,-3.997567,-1.475733,9.166590,9.067024,-0.060443,8.205610,10.313963,-11.475496,8.385511,11.695139,2.505636,3.852160,10.312189,8.284090,1.356614,5.838130,6.859154,4.339231,5.879268,8.944103,9.539216,6.885744,0.733988,7.236876,7.295020,5.342357,5.942430,6.226589,3.167353,3.061805,5.135481,2.399753,5.057507,6.064227,6.089991,0.294147,5.322055,9.058208,4.578337,3.123573,10.953990,9.459265,0.193434,7.610450,8.281802,-30.122406,2.148850,10.042777,4.621323,-3.385916,11.153942,7.108877,-0.270860,12.579722,10.470997,-9.687782,10.291273,11.398564,-5.727830,13.943119,16.118849,3.607756,12.382559,16.114710,5.278965,8.956338,12.871391,9.155675,5.657420,8.617517,12.692008,1.039422,16.191158,19.415968,12.052833,13.730589,20.137331,13.915654,11.213503,20.191076,15.441244,10.589703,20.527374,16.124680,9.534790,22.219450,21.048021,8.305300,19.199089,21.899538,13.654756,17.946964,23.233631,16.654461,18.713661,24.553354,17.775375,18.050650,25.766403,21.628571,9.484009,24.402182,22.744312,7.126426,24.443972,24.931385,9.837599,23.753468,26.038168,14.093370,22.223780,26.444881,18.608231,17.436987,25.014563,19.604675,14.130571,24.649725,22.315639,-9.465085,22.202801,22.604801,9.880034,17.688526,20.767960,13.725727,14.151717,17.720377,9.691120,17.058937,20.985241,14.183010,11.791272,19.856297,15.867920,2.394593,16.343344,15.294204,2.863256,8.778694,12.478322,4.810064,7.862875,14.846050,13.083400,2.462826,9.854387,13.070820,10.897945,11.312194,15.280604,15.206967,13.816183
[0;32mI (10860) ANALISIS_ESPECTRO: Frame exportado | t=10.21 s | pico=93.8 Hz | 43.8 dB[0m
SPECTRUM_FRAME,11.229947,93.750000,44.461555,hann,512,23.044851,16.788498,40.927063,49.282791,45.749504,31.324959,44.461555,42.706432,25.583546,37.336647,37.775921,24.862949,35.510429,38.396763,28.707424,31.110001,35.750877,28.614372,20.014614,27.071581,22.807659,24.105591,34.854614,33.303886,15.887247,35.120689,35.100662,18.703596,30.297148,32.158718,21.447716,27.234596,31.938671,25.486561,25.415688,32.382481,28.381977,13.705196,26.578520,24.539625,13.689719,26.067577,26.459923,5.185741,29.851452,31.642591,19.309309,27.235489,30.475634,22.429455,17.115431,21.076509,13.232620,10.324524,19.787018,19.140369,9.514367,24.501324,24.370514,7.900826,21.860628,23.201946,12.361442,16.590355,20.002115,12.852022,11.235476,18.416136,14.543839,8.121059,17.773735,16.657036,4.433224,18.237017,18.785749,4.712256,15.259042,17.932726,9.300877,6.025794,9.484273,5.169956,7.787946,12.209712,4.712320,11.920358,17.347801,12.232991,11.936492,19.316521,14.987858,7.188331,18.502642,18.255983,7.440552,14.363227,19.189978,12.464489,13.370626,18.437899,11.494012,14.421513,18.201296,9.434589,10.593795,16.409485,12.473270,4.687483,11.954395,14.241055,5.234385,10.981979,16.101307,11.084234,9.548980,17.465347,14.550714,3.585671,17.069574,14.751846,1.516098,14.629059,13.840015,-6.015540,11.043109,13.223564,6.052155,8.068739,12.488625,8.444526,9.196898,11.212780,0.311984,10.704088,12.001076,2.521947,9.902809,13.509250,10.391222,9.523354,12.283867,12.139904,9.982005,8.396990,9.978908,11.007225,-0.514871,7.683731,9.750863,-3.186561,8.684769,7.918651,2.308934,8.587148,2.650209,3.161264,3.249916,-3.377702,1.054513,3.986004,7.507402,-1.566421,11.300654,13.587311,1.362990,11.787753,14.110775,3.693695,5.807513,9.242645,-1.487900,-17.425886,4.047420,4.506331,-4.066678,10.967855,9.311963,-2.597046,9.228065,5.815616,-2.051605,3.266897,8.300990,7.752620,6.696239,14.108659,11.780396,0.853578,13.883376,11.596851,-14.416442,7.038031,2.673213,-10.434752,5.579784,11.061363,7.042771,8.051387,14.689102,11.576672,1.417452,13.705189,11.289282,0.597463,10.356462,8.939591,-3.069755,8.906918,10.983835,1.356257,9.308516,10.554357,0.866948,9.950880,11.830243,4.400287,8.676385,12.532997,13.003525,7.955534,9.272760,15.143451,11.496621,6.759760,13.111378,10.579247,9.936327,12.198237,1.197965,7.545845,10.423326,8.016495,0.228428,5.272713,10.206014,5.269868,8.446513,11.277490,5.134017,9.978115,13.818564,7.122241,6.639727,12.599174,9.352760,0.369630,11.070528,8.697399,-7.210972,11.116844,12.252169,4.949498,9.277444,14.349363,9.791394,8.058423,13.156864,8.923899,9.879645,14.013550,7.882653,7.535749,14.847546,13.770747,2.175091,13.826254,15.962605,9.031894,10.823076,15.581514,11.124177,9.170592,14.991570,10.516363,4.976358,13.341099,12.051616,-8.738077,11.748090,13.224333,6.226259,12.006111,14.695704,9.222699,13.580519,15.877317,8.863909,12.522960,15.271053,9.837475,7.552076,13.663469,10.608469,-2.228768,12.683067,13.387568,-0.543539,14.313950,16.051138,6.978486,13.320372,16.993088,12.811189,8.595804,15.779640,13.327427,3.910479,12.392014,10.932292,4.630639,12.032106,10.151705,-3.977760,12.721375,13.804364,3.327033,12.339053,14.895024,6.937344,9.455133,13.810463,9.322796,3.315403,11.664936,10.687894,-5.052161,9.610259,11.508164,2.226864,11.477685,11.195345,-3.186162,10.803959,11.317776,0.816340,6.590745,9.475240,3.738061,-1.218617,6.604137,2.600243,1.335639,8.019929,3.563000,-3.981227,5.785744,5.266731,-11.196438,7.275536,7.086567,-1.146724,10.279671,11.069141,5.654519,9.343921,12.660894,9.574634,-0.377367,9.647902,9.901196,-3.859692,8.267918,6.842100,-0.618238,8.076915,7.347179,-5.163070,3.995063,6.255236,2.560557,7.947730,6.593390,-5.478758,10.626276,12.218852,5.196132,5.344753,11.156826,11.140367,4.271076,5.822845,9.719777,10.464899,13.260904,10.300364,5.812545,15.240067,15.410214,3.273651,10.057247,15.113729,12.483007,4.079546,10.285958,11.076096,12.260223,12.523290,5.976718,10.337637,14.944697,11.559615,2.234330,12.464520,12.970049,-4.458161,10.595951,12.773138,-2.866292,8.430399,12.201796,8.849307,0.391968,8.893308,10.801598,5.550678,11.762423,11.090555,5.894450,15.505503,15.183572,-0.791291,14.594429,16.830971,7.902871,10.180240,16.601688,12.002295,5.555348,14.918444,13.233305,3.284730,12.260476,14.010046,4.521460,10.774178,17.071985,8.776022,12.879721,20.349771,13.198238,12.316915,20.705965,16.232183,7.345265,19.462957,18.747059,5.394311,18.717232,21.271460,10.471798,18.077362,22.828728,13.755947,16.101715,22.970242,16.490725,13.581427,23.923985,20.173662,10.161455,24.461006,23.140846,-11.720732,23.007917,23.999691,9.499830,19.647360,23.293894,13.717562,17.658901,23.569296,16.017860,16.459785,23.667562,18.638346,12.016832,22.642887,19.810688,7.629051,21.668789,21.090321,2.501943,21.364849,22.465942,3.637307,19.249569,21.521732,10.167642,13.891178,18.020664,10.918686,4.513764,14.572590,12.994690,-9.415609,15.304861,15.308477,-17.081596,14.291403,15.057119,-1.917655,12.519489,14.765684,5.741727,11.191503,13.776016,9.362233,8.738585,10.796481,8.389389,3.917309,0.745365
[0;32mI (11880) ANALISIS_ESPECTRO: Frame exportado | t=11.23 s | pico=93.8 Hz | 44.5 dB[0m
SPECTRUM_FRAME,12.252308,93.750000,45.470467,hann,512,25.306005,18.657200,41.953587,50.367401,46.906349,31.867962,45.470467,43.811752,26.360909,38.567947,38.928841,25.087982,36.655750,39.509434,30.014881,31.522150,36.432739,29.792500,22.061642,28.713070,24.277975,26.175438,36.239685,34.407913,16.277840,35.883030,35.875362,20.474234,30.602180,32.833874,23.766373,28.285908,33.111290,26.427109,26.392977,32.890213,27.826336,17.792107,26.379652,22.833185,12.831775,28.692629,29.246456,7.614090,30.899612,32.866966,21.422756,27.024315,30.426899,21.842953,14.604300,18.518324,13.281335,11.478283,24.551796,23.362392,9.291293,26.493484,25.965807,7.642462,23.661261,24.294842,9.301971,18.831675,21.573809,14.063945,12.038255,17.997480,15.148917,8.333368,12.999629,12.092018,6.090580,13.215355,12.076007,-8.608533,9.270247,9.361964,-0.219620,-5.422804,-3.133639,-1.570608,7.223776,13.237428,7.735315,10.978608,17.814653,13.860126,8.501730,18.064495,16.343376,3.399093,11.867743,13.822765,8.677348,13.146845,15.097395,1.591597,18.110258,20.551327,10.700439,16.413877,20.733072,14.995052,7.969581,15.970695,13.350567,-7.758643,12.885117,14.677135,2.264096,14.260750,16.942207,9.065326,10.179330,14.694307,9.113100,9.181127,12.016835,5.103503,11.414158,15.047034,7.939837,10.561000,15.345268,7.004059,9.685924,13.087893,5.748933,9.121055,10.616822,11.315742,9.845836,8.555923,14.259882,11.365976,4.691393,14.396345,12.489377,-0.369295,10.663797,12.311674,6.315589,-7.670407,8.592573,9.441670,7.394454,3.611009,7.274914,9.915840,10.009321,1.407812,4.882591,9.857102,7.037963,-2.666232,-0.040079,5.825520,5.292110,9.420446,8.435894,0.491081,11.983271,13.832732,6.039770,6.514664,12.770132,8.843484,-3.759405,-1.494390,0.098751,4.242676,10.968386,9.016417,-7.595596,12.913527,13.127291,2.574424,6.008114,8.539806,-1.494916,-0.052257,5.323225,5.048820,5.286660,14.092443,12.582293,2.160818,13.672185,12.699978,4.275510,5.429253,4.205723,1.428999,4.783972,6.363878,2.269057,8.392343,12.710058,6.835271,5.338267,12.236921,6.343678,-2.758729,7.365347,2.154073,-13.102759,3.528528,-3.058374,0.248860,7.480047,0.326645,4.819724,8.901007,3.044240,4.592882,7.461839,1.281421,4.112237,2.949263,-1.708658,8.982718,6.630945,3.401481,10.711226,10.782162,5.795887,7.733763,10.553012,5.906453,-3.430015,8.140565,2.900047,5.564155,9.580626,0.598173,6.725248,10.374056,4.098382,2.130684,7.978578,1.581160,6.112497,9.712924,1.522087,8.284348,12.548145,8.812092,5.529247,11.646686,10.720852,0.686190,8.992629,11.901011,3.328010,9.635631,13.474134,9.605602,9.023741,11.671019,11.800184,5.917225,0.231733,9.245651,4.059188,7.141564,10.788971,-31.835356,9.885309,14.191333,8.949203,2.992847,13.403103,13.362490,3.080958,12.834121,13.022169,8.845031,14.585907,12.373192,5.063396,13.371609,13.246805,0.276963,8.423536,14.316458,7.981249,7.126369,15.607702,10.818562,6.623420,15.547070,13.024278,0.090868,14.764412,14.474218,-3.407809,14.724972,15.164709,-4.311639,12.688486,13.911230,9.022784,3.039068,11.559721,13.436827,8.687583,14.954334,14.393662,12.999790,17.354071,13.543515,11.325567,16.386600,12.118425,3.976626,11.629250,12.444075,5.476791,3.283001,12.963541,8.706825,6.712809,11.849589,6.528460,8.000807,12.374234,6.662490,6.562310,13.933176,11.502690,6.208997,13.252499,11.202805,7.560694,10.375328,2.418158,6.338702,7.100071,7.601813,4.617837,3.460400,11.241714,8.388670,0.096923,7.829767,7.300714,6.736948,0.563914,0.795295,8.917999,7.069118,8.534578,7.394048,7.282515,8.323594,5.386940,1.407930,2.650857,6.433549,1.432944,11.230663,11.606350,6.992195,14.240912,14.297763,9.305160,13.776698,12.954463,8.756800,11.838912,8.868814,1.042572,9.009094,10.235280,3.776141,3.315195,10.129990,9.033634,5.094331,7.056329,6.226315,7.377007,10.436110,7.617230,3.377339,11.835594,12.119813,1.760258,8.650089,10.493658,4.180542,-0.192603,-3.257675,-8.619737,-4.125148,5.983801,5.012726,-9.422668,8.588364,9.914237,-3.579026,5.004993,10.492426,5.854445,2.731230,11.756580,9.830343,7.889535,13.522188,11.263257,9.972544,14.844055,12.279047,9.115484,15.772142,14.362747,6.305423,15.453510,15.622698,2.136528,13.545963,15.585512,4.089839,10.465191,16.131851,11.098103,8.443605,17.505001,14.761623,7.187986,17.728294,16.659966,-1.693029,15.692534,17.433659,5.186356,11.403893,17.964832,12.052223,9.717725,19.359968,15.750111,9.216630,20.324913,18.725630,7.363117,20.345995,20.589489,8.855644,20.501389,22.285425,11.049566,20.277775,23.883091,16.086332,18.861347,24.491280,19.343571,17.620979,24.549412,20.941809,15.586282,24.390099,22.830513,6.892951,22.812469,24.025600,12.631927,19.617975,23.748396,16.986656,18.403105,23.525387,17.933548,17.234615,23.503021,20.009651,10.331487,21.453640,20.951153,8.758897,16.790588,19.546429,13.288865,14.751680,18.130543,12.500542,13.686499,17.405088,12.556838,8.293752,14.230599,12.002640,7.091943,11.173767,9.810989,7.758919,12.782558,11.064691,5.112234,11.788092,11.346195,3.063302,8.873610,9.181887,-1.460087,7.572457,8.537482,-3.525884,7.958883,8.932583
[0;32mI (12900) ANALISIS_ESPECTRO: Frame exportado | t=12.25 s | pico=93.8 Hz | 45.5 dB[0m
SPECTRUM_FRAME,13.274669,93.750000,45.830795,hann,512,29.226017,24.749062,42.166183,50.670120,47.342979,30.914709,45.830795,44.430542,25.715424,39.120193,39.939262,27.333918,37.045490,40.229626,31.625530,31.620882,37.093731,31.259584,20.111444,27.957296,24.852085,25.817041,36.272213,34.660172,15.107623,36.197857,36.335758,21.475624,31.550730,33.107403,22.012928,29.353313,32.804359,24.298180,26.557781,32.721470,27.756458,13.014193,25.930141,24.188820,16.924875,29.155502,29.139357,10.720867,31.527042,33.059986,20.925354,27.550358,31.030447,23.594948,13.034324,20.099993,16.502224,18.673716,24.904535,20.255711,17.259300,27.294384,25.656511,-4.389938,24.667471,25.755388,14.055301,20.628710,24.230812,16.461544,17.069748,21.786673,14.959114,12.310790,17.758762,11.613969,8.541128,14.952852,9.374575,6.573998,10.302151,5.519994,6.551892,2.599895,5.098174,6.580894,12.348402,12.242908,-0.199916,12.813224,13.414355,11.336893,8.918582,10.406635,14.251940,8.129615,12.374084,12.488554,1.408355,15.718999,17.205021,10.303521,13.800683,20.495804,17.341501,4.433977,19.615875,17.722328,5.765234,15.714921,12.967997,0.541329,12.292548,13.301307,5.013217,11.170741,16.025930,10.748602,12.851126,15.791115,7.096913,12.482851,15.569517,7.532248,5.817171,13.622899,12.135945,-4.284706,10.377155,10.799978,2.277618,11.254134,10.415262,-7.363930,9.496101,11.594934,5.110697,0.071487,8.174886,6.188635,-2.333230,4.504699,-2.669554,2.285100,8.736412,7.174687,5.978295,9.627903,12.796253,10.678911,7.824555,14.507075,13.138909,3.108626,13.704304,13.459740,-2.045125,9.585764,11.114291,6.808672,-2.990258,1.036370,8.460314,9.696097,7.431845,2.251915,12.500942,13.090151,0.723927,10.346298,12.177942,4.371888,8.560959,6.847017,-3.380670,8.395375,9.946856,9.845316,3.964328,9.448457,11.962342,7.353234,-4.021899,4.975774,6.797132,8.579952,7.245137,-4.853361,9.088420,12.828823,9.550890,-6.727529,9.751052,10.301561,5.828828,-5.971435,1.833840,6.202464,9.592812,9.157228,1.412638,8.481169,12.427932,9.715840,-1.017630,10.011421,11.089391,8.024694,6.540537,7.975692,8.393383,9.029966,5.193501,1.114131,8.815951,8.167096,0.101360,5.344444,9.707087,4.716284,-1.962105,8.306929,3.261575,-2.988571,4.536057,-4.203866,3.344760,6.594603,1.239878,4.279172,7.730310,4.520145,2.635693,2.956876,0.377191,-0.083636,-11.706373,3.283371,1.119138,1.498310,8.981761,4.162249,1.975248,8.837741,2.338829,0.013131,6.291469,2.402703,0.276643,7.776441,9.684523,4.817736,6.622595,10.923766,7.603889,-4.906020,6.403408,7.385985,3.964738,9.231922,8.391967,6.856463,13.368061,10.452384,3.133599,11.924383,7.790464,-7.174419,1.853429,3.468015,4.442385,4.851590,12.102623,9.870983,10.078413,14.073383,10.597497,10.807209,13.175694,5.437913,9.689931,13.894358,8.145202,4.542432,14.776642,13.791248,-1.431828,12.876501,14.807410,7.151676,8.961993,14.130287,8.477826,9.287889,14.706327,8.537901,8.437878,15.637310,12.176267,-2.831329,14.621771,15.109387,6.334161,10.753354,15.142267,10.748302,8.815472,11.963728,8.244350,9.895602,9.024768,-9.124630,5.816892,9.591289,6.153061,-17.805828,8.866921,8.963075,-3.321079,10.366382,11.438355,-0.670653,10.178920,13.677224,8.784218,3.750789,12.438591,10.357548,-5.368021,9.077243,8.681375,-3.027352,10.552761,12.044939,1.578980,9.818778,13.636621,8.414848,2.644623,10.549516,7.430376,-2.009923,7.686947,6.210514,-4.855072,10.442796,10.524798,-1.548479,8.614403,8.968877,0.441068,0.901373,-12.359985,1.089423,-8.936731,6.838334,10.870779,1.452067,8.320940,12.879396,7.744453,1.622310,9.396568,7.061078,1.516576,-0.490775,-3.662814,5.221789,2.292567,2.659822,6.049309,-1.012048,4.015646,6.148792,1.637283,4.879300,1.924382,4.600487,8.243756,1.038974,3.422466,6.818066,2.758994,4.303309,-0.359523,-1.562487,3.553256,0.227677,6.350316,4.505464,-2.201394,9.265346,8.414754,-3.896544,6.746670,7.843938,1.826535,-6.351111,-0.623200,-5.136893,-0.677053,4.019697,2.256023,-1.530215,9.137520,8.602045,-5.474913,8.679523,8.695837,2.604874,7.051593,3.563247,-0.222220,6.904984,4.686956,-10.704325,6.090703,9.023169,1.196209,8.976858,10.602352,-2.715304,9.266137,11.806896,3.034105,1.143238,11.047220,9.405231,2.316515,11.859622,10.237493,7.890102,15.541612,12.243166,3.804976,16.442505,16.526970,5.973492,14.170846,18.774055,13.450407,9.586582,19.708492,16.547668,8.187552,20.763330,19.192820,7.674360,21.932127,21.967251,8.066646,22.173109,23.736284,13.281534,21.140800,24.588249,16.656757,19.515116,25.261574,19.962309,16.945755,25.643929,22.965879,10.809576,24.919651,24.346642,10.625134,23.293072,24.542393,14.239044,22.492495,25.129505,15.690176,21.740978,25.956192,19.136284,18.535954,25.541386,21.642773,10.299820,23.475876,22.449089,4.616797,20.312752,22.188768,13.572369,16.766531,20.959185,16.029791,14.569879,18.770679,14.804430,14.509689,16.922693,11.255600,11.370664,15.077345,11.304743,0.293030,10.520649,11.315955,8.579681,11.065748,11.160556,9.270572,13.461847,13.080444,6.982231,10.403438,11.824720,9.631118,7.215693,5.921559,8.525334,11.615017,10.174724
[0;32mI (13920) ANALISIS_ESPECTRO: Frame exportado | t=13.27 s | pico=93.8 Hz | 45.8 dB[0m
SPECTRUM_FRAME,14.297040,93.750000,38.393131,hann,512,29.522751,30.078247,34.846207,43.157650,40.067879,27.136564,38.393131,37.476200,25.664328,32.024933,32.137604,23.877903,31.500290,32.947891,22.232124,28.902267,32.387215,25.039062,20.351751,24.148790,19.721987,14.703762,23.459591,20.965485,13.435345,27.971905,28.391342,9.497732,26.400188,29.403053,19.670580,24.088829,29.153759,22.590969,23.361195,29.328669,24.561384,20.540874,27.520435,24.601233,13.133795,21.399166,19.547695,11.017175,0.885229,12.558604,8.333281,19.744255,23.569454,14.075657,21.679710,26.615088,21.583935,17.987354,25.970804,23.177368,7.673236,21.785244,20.237904,8.902202,16.468014,14.813383,-8.055572,16.601959,19.293221,13.297292,11.836467,19.847858,17.099777,10.996456,20.345270,17.791325,13.411097,22.855095,21.571417,2.586596,22.105749,23.147312,11.974025,16.441368,20.056875,14.361659,14.290668,16.442097,2.837565,16.746544,20.735865,15.989808,12.193615,20.449694,19.752123,2.305326,14.699905,17.039608,9.568665,12.999282,15.045072,0.418358,16.135973,19.561560,11.999313,14.547813,20.234100,16.222132,10.484068,17.857721,14.278837,8.940752,14.866710,11.359349,4.939379,13.154415,14.339286,6.803650,10.083971,14.890513,10.289222,6.572053,12.304144,5.089242,7.209940,10.166391,8.128477,5.163839,10.273426,14.660462,9.013480,9.315563,15.456857,11.946415,11.730298,12.970127,7.588186,13.646387,13.037066,-0.817975,11.159636,14.454126,11.337786,0.821389,13.119573,10.635095,7.993778,12.225357,1.257331,11.231688,13.293971,11.895486,13.402555,11.644007,14.878691,15.540856,5.166130,12.715078,14.811869,6.121156,4.431493,9.050996,6.703243,1.191097,-3.641754,1.872437,6.984231,6.832349,3.305808,7.197628,7.010790,5.262193,5.470866,0.154186,2.155888,2.269867,-5.217361,1.093796,-5.941796,6.043503,5.797147,-4.853026,8.138856,6.036210,-9.228022,6.002106,3.172835,3.243492,-0.878129,3.993959,7.796626,-0.451082,7.717108,8.526529,2.453820,9.564783,8.314422,-7.314355,8.851589,10.902828,5.678085,5.526650,12.446385,10.210911,-4.017787,11.173940,10.383532,-7.356179,6.226454,6.242214,-4.243067,1.830746,3.856141,-2.780991,1.245287,4.668467,-1.051088,3.567229,2.275096,0.454271,5.525431,-1.452008,-0.131691,7.166914,6.656403,-12.963129,5.131166,8.227685,2.349144,1.579944,5.839686,5.573448,3.597468,0.993404,4.743866,7.852782,5.549444,2.031420,9.132072,9.009518,2.047620,9.327676,10.339241,0.446266,5.403277,9.298730,7.566518,-2.935424,4.276440,10.670829,8.895370,-0.912144,10.822873,11.247583,5.321019,8.958359,8.231214,3.464772,9.255488,9.875393,-2.568987,9.663578,13.862504,7.832248,8.369531,14.743339,10.047482,2.530017,10.715612,5.364085,-10.451462,-0.569950,6.389647,0.751943,10.550927,13.506089,4.273110,13.126019,16.373554,7.355759,10.703382,16.056423,11.169329,3.302040,15.183393,14.571434,-2.479048,14.537297,15.742611,6.023330,12.452219,15.144714,8.346951,9.986049,13.091449,7.968401,13.108822,16.024002,9.389158,13.391429,17.746651,11.254683,10.315807,15.701584,10.551592,2.875719,9.358881,6.432400,-4.498093,12.022726,13.534288,-2.501054,13.336030,16.392834,7.065878,11.144505,16.267532,10.636125,6.836625,15.475789,12.049820,4.622258,15.456061,13.881049,-3.010235,13.312935,13.211064,-4.340492,10.159507,11.605757,0.690925,8.579570,11.997965,2.086698,7.874979,11.949821,5.130435,2.831254,7.484096,2.252458,-1.555899,6.298818,5.296690,-6.568003,8.202360,9.445297,-5.435758,6.566936,9.852830,3.813633,-0.981020,8.544990,5.668726,3.691546,10.739647,7.659845,4.230017,10.221882,7.033069,0.046603,4.179546,-4.557292,-13.533634,-0.915402,7.365747,-2.588330,9.238019,13.991517,7.110029,9.532729,15.092062,10.734273,4.541728,13.820217,12.544565,-4.456572,12.169251,13.651032,5.477214,12.884405,13.929471,6.491783,11.789975,10.944753,4.134532,6.734851,1.948845,-14.069079,3.310530,9.900479,6.649024,8.021685,14.247178,10.911479,6.989896,14.070052,10.870335,3.302601,11.286260,9.904512,0.474066,8.968011,9.789971,5.095878,10.172646,10.242954,5.064990,10.235695,10.366035,4.787913,10.991014,12.036373,6.961180,11.563202,13.167914,6.624785,11.894268,13.859528,6.892114,9.169928,14.469288,11.108662,5.583781,15.368256,14.081154,5.966397,15.073563,14.345057,6.240663,14.915948,15.022926,7.428175,14.733048,16.806725,9.570521,15.254088,18.002113,10.794772,13.742934,17.928558,12.668019,9.255389,18.366587,16.657558,10.002108,19.348505,18.819595,12.690177,20.814283,20.016281,10.435410,20.966011,21.652925,9.851338,19.994881,23.497507,16.457661,18.677744,24.340403,19.129618,16.869148,24.661251,21.093399,9.483417,23.865479,23.548100,8.228926,22.065401,25.066566,17.657808,20.431850,25.018600,19.271585,19.610142,24.785044,19.328936,16.210236,24.196491,21.522373,6.932833,22.598078,23.007008,12.684131,20.361814,22.114559,14.383739,19.138641,21.396709,12.556578,16.257751,21.464956,17.227674,7.352386,20.005699,19.335825,7.588430,16.055748,17.413567,10.306935,13.695477,16.493763,10.554276,11.306244,17.532303,15.576486,7.815233,15.514125,15.867213,12.103010,11.009041,8.661126,10.732725,14.171891,12.759456,-5.236533,12.758370
[0;32mI (14950) ANALISIS_ESPECTRO: Frame exportado | t=14.30 s | pico=93.8 Hz | 38.4 dB[0m
SPECTRUM_FRAME,15.319392,93.750000,40.975380,hann,512,26.687860,24.917955,37.607216,46.087185,42.684540,26.631329,40.975380,39.378845,20.835361,34.162022,34.082390,16.975716,33.753567,36.096947,26.271507,29.576187,34.143864,27.859104,8.631438,18.016804,16.291002,21.194431,30.597969,28.556833,15.807936,32.599480,32.537457,16.097506,29.959702,31.983948,21.801598,27.307568,31.282478,23.305786,24.396894,30.007008,23.737850,16.633907,23.894093,18.798855,11.475164,24.521139,23.981380,3.437686,27.829277,28.892860,13.632738,25.562881,28.076424,17.980167,17.904188,20.877151,13.147832,4.972056,13.591100,13.884066,6.245547,18.871578,18.940313,10.626359,15.551247,17.473774,10.951454,9.497455,13.059343,4.489274,11.073387,12.237640,-6.620622,15.087262,17.993505,9.057066,14.589197,20.636263,17.251972,3.118825,18.008137,18.749559,10.241602,5.948927,14.156795,13.114490,15.076452,15.763264,5.988585,16.021978,20.118176,14.672375,9.310738,19.638151,18.070370,8.347012,17.467361,16.957130,9.030114,16.389652,16.338795,-2.124695,13.094739,17.121134,11.008292,8.143806,17.239700,13.597526,8.678437,17.376947,14.383795,3.201867,14.939388,14.296864,3.098887,6.873010,8.518535,5.650333,9.777957,7.454951,2.776675,10.971495,13.886282,7.880068,6.283994,13.529200,8.307040,0.603951,11.287550,7.218536,4.517499,10.943137,10.074755,7.275672,9.386097,9.772865,3.877907,4.425791,5.111069,-4.716339,2.483357,-5.540369,5.212495,8.701664,5.912686,3.032868,8.878077,10.006245,2.033088,3.758233,9.375881,4.056937,2.274527,8.655741,6.644492,-3.704871,8.908814,13.065813,8.393803,5.825547,14.671960,13.388065,9.623280,12.832965,12.131823,12.311621,12.962183,7.639441,9.331985,14.447785,12.938255,0.202415,12.662703,14.076168,6.685632,5.947044,8.598462,5.358168,-10.833650,3.390759,2.145670,-1.569346,11.203127,9.905167,-7.851546,10.707292,11.085998,-3.994487,5.350679,7.684664,0.059973,3.667568,6.807679,0.264646,4.140563,7.456429,1.144243,2.799520,5.219393,-0.780236,2.903272,7.998998,4.712394,1.144104,8.123123,6.065952,2.881717,5.248304,-4.137558,1.958129,7.600890,7.561931,-3.070256,6.877832,10.334792,4.581702,-1.235396,3.967115,0.031184,-0.882487,5.901949,5.076512,-10.372647,10.659652,12.388253,4.560598,6.724875,11.493202,9.082860,4.718013,-9.944023,5.253323,10.816128,11.739964,4.542550,9.646741,15.242721,11.647296,-0.135135,12.872876,11.329080,0.863695,3.454876,1.208291,3.285543,6.359693,5.327890,-3.097205,7.757482,9.098631,-3.806502,1.894366,0.119016,0.567543,0.009011,7.185524,9.830170,2.633617,13.270447,14.368707,1.328907,13.417015,14.954058,1.614611,10.942318,13.553205,2.651869,9.194551,14.576565,10.159639,6.366980,15.930437,14.014763,-3.259323,15.149326,14.774916,-0.571422,13.436952,14.161043,-0.001568,12.902856,13.531330,-5.670766,12.210002,14.269033,6.250533,9.386963,15.720830,13.552194,1.354902,15.810129,16.240593,-4.701760,14.694238,15.589577,0.966711,13.486157,13.895187,-6.392646,11.076969,13.496197,7.546561,3.883315,11.968105,10.494604,-2.283331,12.318514,10.855253,2.691586,14.603325,13.806019,-2.363343,14.168484,15.136109,3.775463,10.670066,13.887988,6.558256,6.942132,13.197205,7.773408,6.001127,13.477718,10.101938,2.538697,12.171229,10.090076,-1.957289,11.265098,10.446197,0.270900,11.845936,13.127247,6.397846,9.909685,13.617711,10.221515,-0.358451,11.253848,10.349727,4.783220,9.287022,5.998856,10.324162,10.538434,-13.533029,10.273916,9.763392,5.294298,7.685934,5.144561,10.171083,6.434952,3.530670,11.535087,6.186240,6.353183,9.892736,2.353569,4.974875,6.005232,-2.236091,0.637661,8.947114,8.364348,-4.320227,11.979379,12.342253,-9.840861,11.692343,13.243710,4.125533,8.902741,12.811207,7.486940,7.498989,12.499513,6.579036,7.681252,11.667088,5.742460,3.063332,9.201288,9.196883,-3.055784,7.902928,11.525366,7.077567,9.868349,11.768199,7.799254,10.246023,9.637455,1.827509,7.688998,5.157656,-7.602518,3.716271,7.573068,3.358947,4.242439,11.063093,6.916169,1.700113,11.146073,9.425848,-4.715563,7.910695,10.131411,4.202297,4.838984,9.789235,5.460595,7.456217,11.328616,7.595072,7.266382,13.052330,10.955194,6.983071,12.622514,11.168592,8.938828,11.903848,10.299500,8.957968,14.025311,13.139378,11.186199,15.874117,14.860146,13.167380,17.150700,14.630519,9.883053,17.717363,16.572325,-3.301913,16.027599,19.090187,12.909593,11.869031,19.534887,15.655818,10.615267,19.156569,16.296169,8.546755,19.638466,18.942749,-1.117546,19.554722,21.260412,11.594215,18.285521,22.376291,16.261364,17.206406,23.371180,19.086193,16.512445,24.131767,21.004761,14.894875,23.894026,21.766846,10.926105,22.770178,22.193174,5.460740,21.340378,23.099184,12.594746,19.602852,23.615623,16.439178,16.851652,23.000595,18.165710,11.686749,21.464836,19.363712,2.817127,19.830954,20.064184,6.845644,18.477594,20.025045,9.584902,16.066133,19.060343,11.906914,10.371791,16.321169,12.645647,6.664388,11.850760,9.434815,9.527374,12.421984,7.650580,6.108377,13.274563,11.468058,-2.535327,11.035155,11.229729,0.133943,8.837389,10.910879,2.061865,5.515944,12.360507,11.478852,-2.650060,10.043803
[0;32mI (15970) ANALISIS_ESPECTRO: Frame exportado | t=15.32 s | pico=93.8 Hz | 41.0 dB[0m
SPECTRUM_FRAME,16.341754,93.750000,41.033318,hann,512,25.346207,22.172287,37.641376,46.138351,42.752071,26.243542,41.033318,39.526840,17.366989,34.317310,34.624508,18.213898,33.970909,36.484608,26.634083,30.130005,34.418903,27.554190,15.114146,18.654161,14.529096,19.462521,31.024422,29.550886,16.536629,33.020523,33.018715,16.676785,30.003254,31.895344,20.866117,25.577124,30.810398,24.469769,21.675653,30.019838,25.906525,16.261143,25.093594,21.561733,12.245444,23.157734,23.536858,7.620914,26.094267,28.737013,19.204079,23.889423,28.046608,20.829947,16.553762,21.198769,14.732977,-3.187149,4.824826,8.028346,3.955802,16.571552,15.942360,4.396280,14.692959,14.338741,-11.393146,9.121700,12.477466,7.480776,1.203687,12.311606,11.832716,-5.756977,16.318516,16.590309,4.860435,18.284739,18.939751,10.390157,16.725004,16.837448,7.213164,12.780630,12.302820,2.428535,5.729520,15.685843,12.825369,9.133541,17.377625,13.227255,10.693552,17.897432,14.701075,0.069215,16.491962,18.095200,9.685741,12.275876,17.981094,12.615586,13.618979,17.609455,9.433872,13.746691,19.168404,13.944592,6.267988,18.064905,16.536869,0.949787,12.960783,14.524964,6.785398,9.979093,11.829396,3.180117,10.599379,13.167172,4.042361,7.437609,13.192578,7.597967,2.016633,12.536118,10.172808,-4.806365,11.859825,10.855508,-7.389278,9.185822,9.649713,5.334833,1.395106,8.383460,10.203576,0.806467,8.058836,11.170654,6.389657,9.422883,9.414624,6.302769,11.375908,8.188310,1.760233,11.838219,10.312967,-2.969372,8.445544,11.358118,7.250980,-8.577117,8.484819,9.661497,9.094167,7.538526,4.950755,11.584873,11.721078,-2.365548,8.494255,10.911469,7.913108,0.077859,6.248489,9.155332,-4.010772,5.656005,10.534730,3.997395,1.369458,9.585622,9.009637,3.646598,2.628696,7.903519,8.409662,8.996362,4.624148,5.162156,10.632105,7.885818,-14.957971,4.082987,5.410677,1.497054,1.766358,4.076161,-1.739096,6.246758,9.293806,3.744648,-0.138981,7.561071,5.087960,-4.885000,0.302882,1.335206,-0.988165,6.022162,6.664790,-6.150498,6.370427,8.945944,3.486267,1.051754,7.982393,5.641141,-2.479465,5.883385,4.579818,-3.418116,3.244751,3.172843,-6.665351,3.376265,6.917796,0.164676,4.905751,8.852530,2.185884,3.955307,5.721591,-5.586062,0.551678,1.257886,3.039904,-4.259280,6.955443,9.696136,-3.693539,7.604270,9.750194,-5.936250,4.727736,4.735883,-0.742319,2.060205,8.448709,8.411982,0.015122,11.893106,11.350550,-8.642061,10.866806,9.911184,-12.383678,6.556162,5.476588,-8.356249,7.042355,9.270792,-0.883271,9.291602,11.815117,3.062856,8.283139,10.846501,3.831113,3.723135,7.837164,7.765528,-4.512430,6.077554,9.635944,5.031549,8.157652,7.149687,6.061990,11.354895,9.107952,-2.492994,12.033758,13.913019,8.272925,8.724900,15.196472,12.112054,2.926476,14.032661,11.674465,4.210896,12.454041,11.161794,0.323630,12.502825,12.677554,-3.111690,12.506475,14.554648,6.228935,10.193447,15.455730,11.636080,1.422386,13.719446,12.878613,1.919294,8.136369,7.997477,5.571413,7.436418,3.515722,2.511263,8.794105,12.452488,9.860567,2.396877,13.559649,12.736091,-1.287285,11.822499,11.513693,5.082683,11.186042,9.679104,1.135487,11.400574,10.735660,-12.076315,10.259907,11.800614,3.107534,7.577817,11.508867,6.420267,2.853338,8.527719,5.653190,-2.186402,0.242850,4.476405,-2.529380,2.096661,8.186762,1.860156,5.011213,9.728068,3.715245,3.805790,9.456354,3.908864,2.753659,9.945942,8.155834,3.747027,10.312190,10.167358,5.326154,8.846702,8.540548,6.025391,5.416932,4.844383,6.919761,1.252173,3.324472,7.310140,-1.721964,0.815725,2.973587,-7.654470,3.507464,5.253148,-2.399969,8.139039,12.628296,7.493213,8.758005,14.612399,10.575200,5.790923,12.580414,8.277623,0.786210,4.939436,-1.773009,1.007361,-1.376705,9.267207,6.195028,2.809095,11.353605,7.861694,-1.939544,7.677067,5.597429,-5.626487,4.438498,9.071774,2.201469,6.376440,11.473982,6.514757,0.552172,7.127710,3.613738,-4.542824,0.927217,0.344768,0.300809,10.493540,10.454367,-13.197507,9.996355,10.934487,2.575390,0.001787,5.084371,3.593305,0.649315,6.816210,3.739964,2.880695,8.249742,4.893764,-9.217538,6.521959,8.638034,-0.341906,10.386343,13.359226,4.731011,11.318155,13.370198,4.010328,7.648944,9.568482,2.506510,1.883551,13.763080,14.223040,-13.114701,16.487249,18.049685,5.914595,14.880297,18.285908,11.981177,10.859170,18.048433,14.151081,12.090572,19.101852,15.729454,11.861182,19.584362,17.031258,5.626327,19.352648,19.364063,4.520832,19.263762,21.780060,11.689911,19.074511,22.680883,14.523092,17.578220,22.850296,17.592285,13.379846,23.066998,21.354935,0.152313,22.553577,23.220352,7.396368,20.880346,23.149626,13.032516,18.472860,22.825378,16.012005,15.740849,22.880932,18.658501,12.117673,21.975201,19.321472,5.869726,19.830494,18.230087,-5.524412,17.006617,18.006058,6.834750,13.666196,18.130232,11.042768,10.540941,16.981030,11.256842,8.854362,15.988842,11.176982,6.429030,15.092224,12.171335,1.234794,12.724951,10.422052,-1.959474,10.483316,7.808007,3.100661,10.303856,10.296502,5.775790,8.838159,9.810868,3.573480,2.646842,3.300196
[0;32mI (16990) ANALISIS_ESPECTRO: Frame exportado | t=16.34 s | pico=93.8 Hz | 41.0 dB[0m
