Command: /home/yuusha1/esp/idf-tools/python_env/idf6.1_py3.12_env/bin/python /home/yuusha1/esp/idf/esp-idf/tools/idf_monitor.py -p /dev/ttyACM0 -b 115200 --toolchain-prefix xtensa-esp32s3-elf- --target esp32s3 --revision 0 /home/yuusha1/esp/projects/labs/Rep_SE_202601_grupo_Diego_Santiago_Chen/Lab_1/Ejercicio_5/analisis_espectro/build/analisis_espectro.elf /home/yuusha1/esp/projects/labs/Rep_SE_202601_grupo_Diego_Santiago_Chen/Lab_1/Ejercicio_5/analisis_espectro/build/bootloader/bootloader.elf -m '/home/yuusha1/esp/idf-tools/python_env/idf6.1_py3.12_env/bin/python' '/home/yuusha1/esp/idf/esp-idf/tools/idf.py' '-p' '/dev/ttyACM0'
ESP-ROM:esp32s3-20210327
Build:Mar 27 2021
rst:0x15 (USB_UART_CHIP_RESET),boot:0x8 (SPI_FAST_FLASH_BOOT)
Saved PC:0x42006ec5
SPIWP:0xee
mode:DIO, clock div:1
load:0x3fce2820,len:0x14f0
load:0x403c8700,len:0xda0
load:0x403cb700,len:0x2f58
entry 0x403c8908
[0;32mI (24) boot: ESP-IDF v6.1-dev-2938-g12f36a021f 2nd stage bootloader[0m
[0;32mI (25) boot: compile time Apr  8 2026 14:27:53[0m
[0;32mI (25) boot: Multicore bootloader[0m
[0;32mI (26) boot: chip revision: v0.2[0m
[0;32mI (29) boot: efuse block revision: v1.4[0m
[0;32mI (33) boot.esp32s3: Boot SPI Speed : 80MHz[0m
[0;32mI (37) boot.esp32s3: SPI Mode       : DIO[0m
[0;32mI (40) boot.esp32s3: SPI Flash Size : 2MB[0m
[0;32mI (44) boot: Enabling RNG early entropy source...[0m
[0;32mI (49) boot: Partition Table:[0m
[0;32mI (51) boot: ## Label            Usage          Type ST Offset   Length[0m
[0;32mI (58) boot:  0 nvs              WiFi data        01 02 00009000 00006000[0m
[0;32mI (64) boot:  1 phy_init         RF data          01 01 0000f000 00001000[0m
[0;32mI (71) boot:  2 factory          factory app      00 00 00010000 00100000[0m
[0;32mI (77) boot: End of partition table[0m
[0;32mI (80) esp_image: segment 0: paddr=00010020 vaddr=3c020020 size=0f458h ( 62552) map[0m
[0;32mI (99) esp_image: segment 1: paddr=0001f480 vaddr=3fc91300 size=00b98h (  2968) load[0m
[0;32mI (100) esp_image: segment 2: paddr=00020020 vaddr=42000020 size=1613ch ( 90428) map[0m
[0;32mI (119) esp_image: segment 3: paddr=00036164 vaddr=3fc91e98 size=025e4h (  9700) load[0m
[0;32mI (122) esp_image: segment 4: paddr=00038750 vaddr=40374000 size=0d2e4h ( 53988) load[0m
[0;32mI (135) esp_image: segment 5: paddr=00045a3c vaddr=50000000 size=00024h (    36) load[0m
[0;32mI (141) boot: Loaded app from partition at offset 0x10000[0m
[0;32mI (141) boot: Disabling RNG early entropy source...[0m
[0;32mI (153) cpu_start: Multicore app[0m
[0;32mI (161) cpu_start: GPIO 44 and 43 are used as console UART I/O pins[0m
[0;32mI (162) cpu_start: Pro cpu start user code[0m
[0;32mI (162) cpu_start: cpu freq: 160000000 Hz[0m
[0;32mI (163) app_init: Application information:[0m
[0;32mI (167) app_init: Project name:     analisis_espectro[0m
[0;32mI (172) app_init: App version:      bc6dc7c-dirty[0m
[0;32mI (176) app_init: Compile time:     Apr  8 2026 14:27:56[0m
[0;32mI (181) app_init: ELF file SHA256:  6400cbd07...[0m
[0;32mI (186) app_init: ESP-IDF:          v6.1-dev-2938-g12f36a021f[0m
[0;32mI (191) efuse_init: Min chip rev:     v0.0[0m
[0;32mI (195) efuse_init: Max chip rev:     v0.99 [0m
[0;32mI (199) efuse_init: Chip rev:         v0.2[0m
[0;32mI (203) heap_init: Initializing. RAM available for dynamic allocation:[0m
[0;32mI (209) heap_init: At 3FC99690 len 00050080 (320 KiB): RAM[0m
[0;32mI (214) heap_init: At 3FCE9710 len 00005724 (21 KiB): RAM[0m
[0;32mI (219) heap_init: At 3FCF0000 len 00008000 (32 KiB): DRAM[0m
[0;32mI (225) heap_init: At 600FE000 len 00001FE8 (7 KiB): RTCRAM[0m
[0;32mI (231) spi_flash: detected chip: boya[0m
[0;32mI (233) spi_flash: flash io: dio[0m
[0;33mW (236) spi_flash: Detected size(16384k) larger than the size in the binary image header(2048k). Using the size in the binary image header.[0m
[0;32mI (249) sleep_gpio: Configure to isolate all GPIO pins in sleep state[0m
[0;32mI (255) sleep_gpio: Enable automatic switching of GPIO sleep configuration[0m
[0;32mI (262) main_task: Started on CPU0[0m
[0;32mI (272) main_task: Calling app_main()[0m
[0;32mI (272) ANALISIS_ESPECTRO: Inicializando analisis de espectro[0m
[0;32mI (272) ANALISIS_ESPECTRO: fs=16000 Hz, FFT=1024, periodo=10000 ms, export CSV por serial[0m
[0;32mI (292) main_task: Returned from app_main()[0m
SPECTRUM_CFG,16000,1024,512,15.625000,hann
SPECTRUM_FRAME,10.027873,78.125000,2.516473,hann,512,90.300514,84.292633,20.583176,12.060176,6.599170,2.516473,-0.760716,-3.542681,-5.867831,-7.878233,-9.793771,-11.463116,-12.991495,-14.387815,-15.681945,-16.970020,-18.018770,-18.958767,-20.070293,-21.015335,-21.895210,-22.759592,-23.560455,-24.480484,-25.093941,-25.634056,-26.483639,-27.132723,-27.786190,-28.378025,-28.957155,-29.757710,-30.056372,-30.408316,-31.160479,-31.653603,-32.143997,-32.642498,-33.092304,-33.772205,-33.921391,-34.100746,-34.858086,-35.214050,-35.621880,-35.990231,-36.397606,-37.045780,-37.163654,-37.194733,-37.837524,-38.228531,-38.567444,-38.880943,-39.247070,-39.929825,-39.836590,-39.832569,-40.508369,-40.736290,-41.030052,-41.346592,-41.620449,-45.227169,-42.824623,-44.090141,-42.760773,-43.023304,-43.380730,-43.467869,-43.763458,-44.508865,-44.279205,-44.065582,-44.770016,-45.026711,-45.087746,-45.457916,-45.532074,-46.082359,-46.331245,-45.678440,-46.483349,-46.965466,-46.580650,-47.284008,-47.933537,-48.289764,-47.660618,-47.148506,-48.394566,-48.198616,-48.633034,-48.676910,-48.834911,-49.517635,-48.928699,-48.526989,-49.787086,-49.668137,-50.008907,-50.053310,-50.473145,-51.412186,-50.984634,-50.403221,-51.007095,-50.930714,-51.223263,-51.560600,-51.630653,-52.648582,-51.586899,-51.494370,-52.485985,-52.491245,-52.600330,-53.018230,-53.058926,-53.956192,-53.109962,-52.490997,-53.765697,-53.816929,-53.770363,-53.874454,-54.144432,-57.737862,-54.017223,-49.895920,-54.768871,-55.044922,-54.982967,-55.448257,-55.328362,-56.120270,-55.658516,-54.827271,-55.565735,-55.922157,-56.103802,-56.438438,-56.262123,-57.104801,-56.698303,-55.678726,-56.538887,-56.691811,-57.282692,-57.195595,-57.323349,-58.962460,-57.425240,-57.086769,-57.756840,-57.568436,-57.720982,-57.843891,-58.080864,-59.001701,-57.581562,-56.885078,-58.648033,-58.476341,-58.419132,-59.400009,-58.647697,-60.711990,-59.386333,-58.257545,-59.586693,-61.062653,-60.752621,-58.133553,-58.658775,-61.193253,-61.274982,-58.586231,-60.812187,-60.422863,-60.412033,-60.712147,-61.173927,-62.937622,-60.653015,-59.395027,-60.738289,-61.039116,-61.575462,-61.543194,-61.655548,-59.356758,-61.589539,-60.071747,-62.060562,-62.396885,-62.110275,-61.789070,-61.834255,-63.614151,-62.992023,-61.209015,-63.045212,-62.911053,-63.589607,-62.779892,-63.098598,-65.156960,-63.530636,-61.771221,-62.533920,-62.795784,-64.278404,-63.322899,-63.972797,-66.948151,-64.633507,-63.139706,-64.655525,-64.706795,-64.178017,-64.731232,-64.518188,-66.059532,-67.460754,-62.895714,-65.572136,-65.478668,-65.271370,-65.129234,-65.683945,-67.399689,-64.821587,-64.056404,-66.022804,-66.071327,-67.024590,-64.853386,-65.636017,-70.605637,-63.674198,-65.462204,-65.952370,-67.015335,-64.708138,-66.473259,-65.991432,-67.563385,-67.974991,-65.021812,-67.133255,-67.946045,-68.702621,-66.491714,-67.355911,-48.473099,-120.000000,-49.470894,-66.249268,-65.438553,-66.447792,-70.784897,-66.753677,-73.047974,-68.060066,-66.627525,-67.574524,-69.265717,-68.750435,-68.548950,-68.371605,-69.066315,-71.564758,-67.272957,-68.562073,-69.492081,-68.424850,-69.720108,-67.887787,-71.584549,-67.687401,-67.593010,-68.143600,-69.295258,-69.390244,-69.544060,-70.024078,-72.325371,-67.554359,-66.302406,-69.546219,-69.396675,-70.701744,-69.387711,-69.717491,-70.071953,-68.198936,-70.118492,-73.062050,-70.778465,-73.626846,-70.396606,-69.293610,-69.765236,-66.611595,-66.847977,-70.256653,-71.516129,-74.196960,-68.854477,-71.594231,-76.894928,-70.016975,-70.754784,-74.558563,-72.013260,-70.968071,-72.764854,-72.318024,-61.244621,-74.353539,-64.537117,-70.415710,-74.769188,-71.600090,-70.752213,-75.318085,-78.119774,-76.057594,-69.801834,-73.590179,-70.314323,-73.254463,-71.311615,-72.753067,-72.928757,-70.495544,-69.920998,-73.451797,-76.607300,-73.659035,-79.771347,-73.767189,-74.798286,-71.024353,-73.779129,-83.139420,-70.574608,-74.880386,-73.596107,-75.988251,-74.894348,-70.100342,-68.548782,-73.612869,-74.204185,-71.337997,-76.896126,-78.613655,-77.813805,-73.765297,-71.303627,-75.342171,-80.264908,-76.727119,-74.461952,-75.412361,-74.822433,-76.003563,-70.751526,-82.197693,-75.680367,-71.836624,-77.069099,-74.542549,-82.678131,-76.345818,-70.771423,-76.162971,-75.687683,-74.065407,-72.087746,-78.610725,-63.491817,-70.564865,-61.305527,-79.464867,-82.152481,-77.531830,-74.159332,-75.435959,-81.261963,-76.381004,-71.490776,-75.728043,-74.474007,-81.925766,-78.125549,-75.973976,-80.568657,-74.438904,-72.116478,-78.076012,-77.555840,-79.667885,-85.906250,-80.011246,-84.446594,-79.903122,-76.182259,-77.614708,-82.457977,-85.820831,-78.778961,-89.110558,-72.655952,-80.392929,-71.622032,-74.312920,-77.887474,-79.392471,-86.691315,-83.014946,-89.433678,-90.296005,-75.729446,-79.132111,-81.982201,-77.033623,-81.058281,-84.586777,-104.124565,-80.914543,-75.386375,-76.359360,-80.401947,-79.011963,-81.566994,-81.924911,-82.346260,-89.552849,-78.096146,-88.278152,-84.450500,-81.248741,-80.683762,-86.660233,-63.019714,-68.731552,-68.788689,-86.869873,-83.353027,-95.490944,-79.845764,-91.889343,-81.780281,-93.256912,-76.165268,-78.701622,-84.321808,-87.529305,-79.201675,-85.742508,-84.130028,-72.674171,-90.287979,-74.736229,-69.006950,-64.870171,-63.823662,-64.619919,-69.306557,-82.332123,-77.131241,-87.092728,-77.223717,-78.926781,-87.706787,-82.642662,-70.940765,-76.102768,-68.976212,-92.641106,-79.990852,-88.531219,-80.526932,-80.467026,-83.353973,-74.882294,-77.707138,-82.792923,-82.584045,-78.142082,-88.433342,-91.451828,-78.526245,-80.659950,-76.489578,-97.376999,-86.718002,-85.805618,-90.101181,-87.648865,-81.148270,-73.610924,-85.292755,-90.642464,-87.911133,-83.042946,-88.055145,-101.867592,-53.023987
[0;32mI (10742) ANALISIS_ESPECTRO: Frame exportado | t=10.03 s | pico=78.1 Hz | 2.5 dB[0m
SPECTRUM_FRAME,20.059788,78.125000,2.516473,hann,512,90.300514,84.292633,20.583176,12.060176,6.599170,2.516473,-0.760716,-3.542681,-5.867831,-7.878233,-9.793771,-11.463116,-12.991495,-14.387815,-15.681945,-16.970020,-18.018770,-18.958767,-20.070293,-21.015335,-21.895210,-22.759592,-23.560455,-24.480484,-25.093941,-25.634056,-26.483639,-27.132723,-27.786190,-28.378025,-28.957155,-29.757710,-30.056372,-30.408316,-31.160479,-31.653603,-32.143997,-32.642498,-33.092304,-33.772205,-33.921391,-34.100746,-34.858086,-35.214050,-35.621880,-35.990231,-36.397606,-37.045780,-37.163654,-37.194733,-37.837524,-38.228531,-38.567444,-38.880943,-39.247070,-39.929825,-39.836590,-39.832569,-40.508369,-40.736290,-41.030052,-41.346592,-41.620449,-45.227169,-42.824623,-44.090141,-42.760773,-43.023304,-43.380730,-43.467869,-43.763458,-44.508865,-44.279205,-44.065582,-44.770016,-45.026711,-45.087746,-45.457916,-45.532074,-46.082359,-46.331245,-45.678440,-46.483349,-46.965466,-46.580650,-47.284008,-47.933537,-48.289764,-47.660618,-47.148506,-48.394566,-48.198616,-48.633034,-48.676910,-48.834911,-49.517635,-48.928699,-48.526989,-49.787086,-49.668137,-50.008907,-50.053310,-50.473145,-51.412186,-50.984634,-50.403221,-51.007095,-50.930714,-51.223263,-51.560600,-51.630653,-52.648582,-51.586899,-51.494370,-52.485985,-52.491245,-52.600330,-53.018230,-53.058926,-53.956192,-53.109962,-52.490997,-53.765697,-53.816929,-53.770363,-53.874454,-54.144432,-57.737862,-54.017223,-49.895920,-54.768871,-55.044922,-54.982967,-55.448257,-55.328362,-56.120270,-55.658516,-54.827271,-55.565735,-55.922157,-56.103802,-56.438438,-56.262123,-57.104801,-56.698303,-55.678726,-56.538887,-56.691811,-57.282692,-57.195595,-57.323349,-58.962460,-57.425240,-57.086769,-57.756840,-57.568436,-57.720982,-57.843891,-58.080864,-59.001701,-57.581562,-56.885078,-58.648033,-58.476341,-58.419132,-59.400009,-58.647697,-60.711990,-59.386333,-58.257545,-59.586693,-61.062653,-60.752621,-58.133553,-58.658775,-61.193253,-61.274982,-58.586231,-60.812187,-60.422863,-60.412033,-60.712147,-61.173927,-62.937622,-60.653015,-59.395027,-60.738289,-61.039116,-61.575462,-61.543194,-61.655548,-59.356758,-61.589539,-60.071747,-62.060562,-62.396885,-62.110275,-61.789070,-61.834255,-63.614151,-62.992023,-61.209015,-63.045212,-62.911053,-63.589607,-62.779892,-63.098598,-65.156960,-63.530636,-61.771221,-62.533920,-62.795784,-64.278404,-63.322899,-63.972797,-66.948151,-64.633507,-63.139706,-64.655525,-64.706795,-64.178017,-64.731232,-64.518188,-66.059532,-67.460754,-62.895714,-65.572136,-65.478668,-65.271370,-65.129234,-65.683945,-67.399689,-64.821587,-64.056404,-66.022804,-66.071327,-67.024590,-64.853386,-65.636017,-70.605637,-63.674198,-65.462204,-65.952370,-67.015335,-64.708138,-66.473259,-65.991432,-67.563385,-67.974991,-65.021812,-67.133255,-67.946045,-68.702621,-66.491714,-67.355911,-48.473099,-120.000000,-49.470894,-66.249268,-65.438553,-66.447792,-70.784897,-66.753677,-73.047974,-68.060066,-66.627525,-67.574524,-69.265717,-68.750435,-68.548950,-68.371605,-69.066315,-71.564758,-67.272957,-68.562073,-69.492081,-68.424850,-69.720108,-67.887787,-71.584549,-67.687401,-67.593010,-68.143600,-69.295258,-69.390244,-69.544060,-70.024078,-72.325371,-67.554359,-66.302406,-69.546219,-69.396675,-70.701744,-69.387711,-69.717491,-70.071953,-68.198936,-70.118492,-73.062050,-70.778465,-73.626846,-70.396606,-69.293610,-69.765236,-66.611595,-66.847977,-70.256653,-71.516129,-74.196960,-68.854477,-71.594231,-76.894928,-70.016975,-70.754784,-74.558563,-72.013260,-70.968071,-72.764854,-72.318024,-61.244621,-74.353539,-64.537117,-70.415710,-74.769188,-71.600090,-70.752213,-75.318085,-78.119774,-76.057594,-69.801834,-73.590179,-70.314323,-73.254463,-71.311615,-72.753067,-72.928757,-70.495544,-69.920998,-73.451797,-76.607300,-73.659035,-79.771347,-73.767189,-74.798286,-71.024353,-73.779129,-83.139420,-70.574608,-74.880386,-73.596107,-75.988251,-74.894348,-70.100342,-68.548782,-73.612869,-74.204185,-71.337997,-76.896126,-78.613655,-77.813805,-73.765297,-71.303627,-75.342171,-80.264908,-76.727119,-74.461952,-75.412361,-74.822433,-76.003563,-70.751526,-82.197693,-75.680367,-71.836624,-77.069099,-74.542549,-82.678131,-76.345818,-70.771423,-76.162971,-75.687683,-74.065407,-72.087746,-78.610725,-63.491817,-70.564865,-61.305527,-79.464867,-82.152481,-77.531830,-74.159332,-75.435959,-81.261963,-76.381004,-71.490776,-75.728043,-74.474007,-81.925766,-78.125549,-75.973976,-80.568657,-74.438904,-72.116478,-78.076012,-77.555840,-79.667885,-85.906250,-80.011246,-84.446594,-79.903122,-76.182259,-77.614708,-82.457977,-85.820831,-78.778961,-89.110558,-72.655952,-80.392929,-71.622032,-74.312920,-77.887474,-79.392471,-86.691315,-83.014946,-89.433678,-90.296005,-75.729446,-79.132111,-81.982201,-77.033623,-81.058281,-84.586777,-104.124565,-80.914543,-75.386375,-76.359360,-80.401947,-79.011963,-81.566994,-81.924911,-82.346260,-89.552849,-78.096146,-88.278152,-84.450500,-81.248741,-80.683762,-86.660233,-63.019714,-68.731552,-68.788689,-86.869873,-83.353027,-95.490944,-79.845764,-91.889343,-81.780281,-93.256912,-76.165268,-78.701622,-84.321808,-87.529305,-79.201675,-85.742508,-84.130028,-72.674171,-90.287979,-74.736229,-69.006950,-64.870171,-63.823662,-64.619919,-69.306557,-82.332123,-77.131241,-87.092728,-77.223717,-78.926781,-87.706787,-82.642662,-70.940765,-76.102768,-68.976212,-92.641106,-79.990852,-88.531219,-80.526932,-80.467026,-83.353973,-74.882294,-77.707138,-82.792923,-82.584045,-78.142082,-88.433342,-91.451828,-78.526245,-80.659950,-76.489578,-97.376999,-86.718002,-85.805618,-90.101181,-87.648865,-81.148270,-73.610924,-85.292755,-90.642464,-87.911133,-83.042946,-88.055145,-101.867592,-53.023987
[0;32mI (20772) ANALISIS_ESPECTRO: Frame exportado | t=20.06 s | pico=78.1 Hz | 2.5 dB[0m
SPECTRUM_FRAME,30.091711,78.125000,2.516473,hann,512,90.300514,84.292633,20.583176,12.060176,6.599170,2.516473,-0.760716,-3.542681,-5.867831,-7.878233,-9.793771,-11.463116,-12.991495,-14.387815,-15.681945,-16.970020,-18.018770,-18.958767,-20.070293,-21.015335,-21.895210,-22.759592,-23.560455,-24.480484,-25.093941,-25.634056,-26.483639,-27.132723,-27.786190,-28.378025,-28.957155,-29.757710,-30.056372,-30.408316,-31.160479,-31.653603,-32.143997,-32.642498,-33.092304,-33.772205,-33.921391,-34.100746,-34.858086,-35.214050,-35.621880,-35.990231,-36.397606,-37.045780,-37.163654,-37.194733,-37.837524,-38.228531,-38.567444,-38.880943,-39.247070,-39.929825,-39.836590,-39.832569,-40.508369,-40.736290,-41.030052,-41.346592,-41.620449,-45.227169,-42.824623,-44.090141,-42.760773,-43.023304,-43.380730,-43.467869,-43.763458,-44.508865,-44.279205,-44.065582,-44.770016,-45.026711,-45.087746,-45.457916,-45.532074,-46.082359,-46.331245,-45.678440,-46.483349,-46.965466,-46.580650,-47.284008,-47.933537,-48.289764,-47.660618,-47.148506,-48.394566,-48.198616,-48.633034,-48.676910,-48.834911,-49.517635,-48.928699,-48.526989,-49.787086,-49.668137,-50.008907,-50.053310,-50.473145,-51.412186,-50.984634,-50.403221,-51.007095,-50.930714,-51.223263,-51.560600,-51.630653,-52.648582,-51.586899,-51.494370,-52.485985,-52.491245,-52.600330,-53.018230,-53.058926,-53.956192,-53.109962,-52.490997,-53.765697,-53.816929,-53.770363,-53.874454,-54.144432,-57.737862,-54.017223,-49.895920,-54.768871,-55.044922,-54.982967,-55.448257,-55.328362,-56.120270,-55.658516,-54.827271,-55.565735,-55.922157,-56.103802,-56.438438,-56.262123,-57.104801,-56.698303,-55.678726,-56.538887,-56.691811,-57.282692,-57.195595,-57.323349,-58.962460,-57.425240,-57.086769,-57.756840,-57.568436,-57.720982,-57.843891,-58.080864,-59.001701,-57.581562,-56.885078,-58.648033,-58.476341,-58.419132,-59.400009,-58.647697,-60.711990,-59.386333,-58.257545,-59.586693,-61.062653,-60.752621,-58.133553,-58.658775,-61.193253,-61.274982,-58.586231,-60.812187,-60.422863,-60.412033,-60.712147,-61.173927,-62.937622,-60.653015,-59.395027,-60.738289,-61.039116,-61.575462,-61.543194,-61.655548,-59.356758,-61.589539,-60.071747,-62.060562,-62.396885,-62.110275,-61.789070,-61.834255,-63.614151,-62.992023,-61.209015,-63.045212,-62.911053,-63.589607,-62.779892,-63.098598,-65.156960,-63.530636,-61.771221,-62.533920,-62.795784,-64.278404,-63.322899,-63.972797,-66.948151,-64.633507,-63.139706,-64.655525,-64.706795,-64.178017,-64.731232,-64.518188,-66.059532,-67.460754,-62.895714,-65.572136,-65.478668,-65.271370,-65.129234,-65.683945,-67.399689,-64.821587,-64.056404,-66.022804,-66.071327,-67.024590,-64.853386,-65.636017,-70.605637,-63.674198,-65.462204,-65.952370,-67.015335,-64.708138,-66.473259,-65.991432,-67.563385,-67.974991,-65.021812,-67.133255,-67.946045,-68.702621,-66.491714,-67.355911,-48.473099,-120.000000,-49.470894,-66.249268,-65.438553,-66.447792,-70.784897,-66.753677,-73.047974,-68.060066,-66.627525,-67.574524,-69.265717,-68.750435,-68.548950,-68.371605,-69.066315,-71.564758,-67.272957,-68.562073,-69.492081,-68.424850,-69.720108,-67.887787,-71.584549,-67.687401,-67.593010,-68.143600,-69.295258,-69.390244,-69.544060,-70.024078,-72.325371,-67.554359,-66.302406,-69.546219,-69.396675,-70.701744,-69.387711,-69.717491,-70.071953,-68.198936,-70.118492,-73.062050,-70.778465,-73.626846,-70.396606,-69.293610,-69.765236,-66.611595,-66.847977,-70.256653,-71.516129,-74.196960,-68.854477,-71.594231,-76.894928,-70.016975,-70.754784,-74.558563,-72.013260,-70.968071,-72.764854,-72.318024,-61.244621,-74.353539,-64.537117,-70.415710,-74.769188,-71.600090,-70.752213,-75.318085,-78.119774,-76.057594,-69.801834,-73.590179,-70.314323,-73.254463,-71.311615,-72.753067,-72.928757,-70.495544,-69.920998,-73.451797,-76.607300,-73.659035,-79.771347,-73.767189,-74.798286,-71.024353,-73.779129,-83.139420,-70.574608,-74.880386,-73.596107,-75.988251,-74.894348,-70.100342,-68.548782,-73.612869,-74.204185,-71.337997,-76.896126,-78.613655,-77.813805,-73.765297,-71.303627,-75.342171,-80.264908,-76.727119,-74.461952,-75.412361,-74.822433,-76.003563,-70.751526,-82.197693,-75.680367,-71.836624,-77.069099,-74.542549,-82.678131,-76.345818,-70.771423,-76.162971,-75.687683,-74.065407,-72.087746,-78.610725,-63.491817,-70.564865,-61.305527,-79.464867,-82.152481,-77.531830,-74.159332,-75.435959,-81.261963,-76.381004,-71.490776,-75.728043,-74.474007,-81.925766,-78.125549,-75.973976,-80.568657,-74.438904,-72.116478,-78.076012,-77.555840,-79.667885,-85.906250,-80.011246,-84.446594,-79.903122,-76.182259,-77.614708,-82.457977,-85.820831,-78.778961,-89.110558,-72.655952,-80.392929,-71.622032,-74.312920,-77.887474,-79.392471,-86.691315,-83.014946,-89.433678,-90.296005,-75.729446,-79.132111,-81.982201,-77.033623,-81.058281,-84.586777,-104.124565,-80.914543,-75.386375,-76.359360,-80.401947,-79.011963,-81.566994,-81.924911,-82.346260,-89.552849,-78.096146,-88.278152,-84.450500,-81.248741,-80.683762,-86.660233,-63.019714,-68.731552,-68.788689,-86.869873,-83.353027,-95.490944,-79.845764,-91.889343,-81.780281,-93.256912,-76.165268,-78.701622,-84.321808,-87.529305,-79.201675,-85.742508,-84.130028,-72.674171,-90.287979,-74.736229,-69.006950,-64.870171,-63.823662,-64.619919,-69.306557,-82.332123,-77.131241,-87.092728,-77.223717,-78.926781,-87.706787,-82.642662,-70.940765,-76.102768,-68.976212,-92.641106,-79.990852,-88.531219,-80.526932,-80.467026,-83.353973,-74.882294,-77.707138,-82.792923,-82.584045,-78.142082,-88.433342,-91.451828,-78.526245,-80.659950,-76.489578,-97.376999,-86.718002,-85.805618,-90.101181,-87.648865,-81.148270,-73.610924,-85.292755,-90.642464,-87.911133,-83.042946,-88.055145,-101.867592,-53.023987
[0;32mI (30802) ANALISIS_ESPECTRO: Frame exportado | t=30.09 s | pico=78.1 Hz | 2.5 dB[0m
SPECTRUM_FRAME,40.123635,78.125000,2.785627,hann,512,90.300507,84.292618,20.608995,11.997133,6.532907,2.785627,-0.740811,-3.992865,-5.429669,-7.327466,-10.862083,-11.635363,-11.719369,-15.109632,-17.526382,-15.171169,-16.718563,-22.347517,-18.626574,-17.792591,-24.127886,-23.742626,-19.628778,-23.346531,-34.666512,-22.386301,-22.203180,-32.649937,-26.409014,-21.983500,-26.645811,-33.326202,-23.072746,-24.710386,-39.179882,-25.882235,-24.674393,-30.289831,-30.540707,-25.120279,-26.372055,-35.591618,-25.986822,-25.038723,-33.051483,-27.867535,-25.371449,-29.754013,-30.190983,-26.687510,-27.169224,-30.665020,-28.798073,-25.914387,-29.278084,-30.651037,-25.902756,-28.169241,-31.178282,-27.090584,-27.833115,-29.831070,-29.141792,-28.282543,-28.063229,-30.337534,-27.613968,-27.110426,-31.673649,-28.092743,-27.241905,-30.469362,-28.935200,-28.151382,-28.869347,-29.575827,-29.414961,-27.588528,-29.689692,-30.230009,-27.236853,-29.611313,-30.459803,-27.837387,-29.430387,-29.828501,-29.110277,-29.194820,-28.837307,-30.821957,-28.783846,-28.290787,-31.641068,-28.712036,-28.450504,-31.102562,-29.055382,-29.225788,-30.060270,-29.699970,-30.266880,-28.850521,-30.206892,-30.894276,-28.359474,-30.598743,-30.854389,-28.640192,-30.777027,-30.379265,-29.719696,-30.623510,-29.776787,-31.154694,-29.992519,-29.411314,-32.290710,-29.642666,-29.663019,-32.241177,-29.762352,-30.380743,-31.341335,-30.312008,-31.426535,-30.198502,-31.052397,-32.401966,-29.635662,-31.631453,-31.780500,-29.763218,-32.257133,-31.347744,-30.698814,-32.140640,-30.893316,-32.171623,-31.473236,-30.710720,-33.427120,-30.943699,-31.025070,-33.701538,-30.874214,-31.866070,-32.948242,-31.382181,-32.962994,-31.809906,-32.265289,-33.567348,-31.105083,-33.311939,-33.272240,-31.158449,-34.102386,-32.812069,-32.043884,-34.099392,-32.427170,-33.742207,-33.421021,-32.306183,-35.233047,-32.682072,-32.744537,-35.700130,-32.403946,-33.716095,-35.048698,-32.903458,-35.120396,-33.855572,-34.028736,-35.743721,-33.070892,-35.489582,-35.441223,-33.054142,-36.636154,-34.840572,-33.977962,-37.032612,-34.457947,-35.790222,-36.065300,-34.437298,-37.785442,-35.031887,-35.031536,-37.839710,-34.614799,-36.907150,-38.087936,-35.110577,-38.078266,-36.693558,-36.391369,-39.187660,-35.742729,-38.351574,-38.595062,-35.647457,-40.305733,-37.815178,-36.693779,-41.395027,-37.361797,-38.795147,-40.084457,-37.544319,-41.905365,-38.477608,-38.335434,-43.859516,-37.887787,-40.021294,-42.918686,-38.395802,-42.967476,-41.035049,-40.087311,-45.381508,-39.807579,-43.030426,-43.965076,-39.624657,-47.068729,-42.408100,-40.935993,-50.334167,-41.993809,-44.221573,-47.563381,-42.421108,-50.713863,-44.291054,-43.721500,-58.292160,-43.042297,-46.508232,-51.598335,-44.127544,-52.220108,-48.681534,-47.108543,-65.348518,-47.181175,-51.425251,-51.858593,-47.401600,-52.575943,-48.982121,-49.301319,-56.168896,-50.098763,-48.818047,-50.869377,-56.310574,-50.472855,-50.632324,-53.648792,-46.775887,-53.018894,-48.597942,-45.615726,-64.882538,-45.901714,-47.075623,-54.212738,-44.373585,-50.948059,-46.493359,-43.919147,-54.721481,-42.854698,-44.371277,-49.060822,-41.622917,-46.109268,-44.522514,-41.537415,-47.210484,-41.557716,-42.618523,-44.680424,-40.006981,-44.374241,-41.604172,-39.547066,-44.777992,-39.730927,-40.139469,-42.621922,-38.773766,-41.213211,-40.025249,-38.486210,-42.010529,-38.164967,-38.937786,-40.857307,-37.132729,-39.538551,-39.019341,-37.107994,-39.851768,-37.230812,-37.708149,-38.874588,-36.248528,-38.493153,-37.365738,-36.003159,-38.660763,-36.093807,-36.318367,-37.834396,-34.927940,-37.034245,-36.672607,-35.310509,-37.237633,-35.115807,-35.559414,-36.640774,-34.482121,-35.925274,-35.611176,-34.288670,-36.016190,-34.517761,-34.654266,-35.501698,-33.844883,-35.149521,-34.497993,-33.577614,-35.251156,-33.683430,-33.797722,-34.807018,-33.187920,-34.097027,-33.898827,-32.988037,-34.317173,-33.013569,-33.196487,-34.008270,-32.473305,-33.536064,-33.393024,-32.332176,-33.531677,-32.586750,-32.548058,-33.255272,-32.035282,-32.872463,-32.540565,-31.835140,-32.975010,-31.945707,-31.927881,-32.714973,-31.477715,-32.175575,-32.144779,-31.382391,-32.316002,-31.434507,-31.525095,-32.118687,-31.058716,-31.712460,-31.680618,-30.886993,-31.792648,-31.110285,-30.966454,-31.635437,-30.524481,-31.328203,-30.864370,-30.527315,-31.338194,-30.621889,-30.566933,-31.190069,-30.320635,-30.748863,-30.800671,-30.201101,-30.822554,-30.295406,-30.283321,-30.714693,-29.952738,-30.440933,-30.417084,-29.818897,-30.469000,-29.997940,-29.908516,-30.338882,-29.682457,-30.065317,-29.996748,-29.567625,-30.133160,-29.666557,-29.590172,-30.019077,-29.455481,-29.708731,-29.732191,-29.333017,-29.766983,-29.433075,-29.351147,-29.692425,-29.156725,-29.453688,-29.461309,-29.035435,-29.501053,-29.197998,-29.092733,-29.418316,-28.949520,-29.196346,-29.172157,-28.887136,-29.270130,-28.925800,-28.881586,-29.195549,-28.738190,-28.961752,-29.019585,-28.672691,-29.012550,-28.756653,-28.717764,-28.944164,-28.736744,-28.722174,-28.733242,-28.509409,-28.811520,-28.592674,-28.523367,-28.757679,-28.429010,-28.600563,-28.591103,-28.404514,-28.646019,-28.444977,-28.413105,-28.597687,-28.309488,-28.444975,-28.476791,-28.245506,-28.559738,-28.204700,-28.425030,-28.308504,-28.276699,-28.324554,-28.320105,-28.182755,-28.345455,-28.221294,-28.191143,-28.314827,-28.183233,-28.225845,-28.164452,-28.110428,-28.264387,-28.139168,-28.120281,-28.229273,-28.076132,-28.160038,-28.186274,-28.050688,-28.142834,-28.096516,-28.063168,-28.132704,-28.069485,-28.105162,-28.062080,-28.035765,-28.087759,-28.051823,-28.048410,-28.078999,-28.014071,-28.026627,-28.063185,-28.030432,-28.066647,-28.025703,-28.044622,-28.042366,-27.680889
[0;32mI (40832) ANALISIS_ESPECTRO: Frame exportado | t=40.12 s | pico=78.1 Hz | 2.8 dB[0m
SPECTRUM_FRAME,50.155557,78.125000,2.516473,hann,512,90.300514,84.292633,20.583176,12.060176,6.599170,2.516473,-0.760716,-3.542681,-5.867831,-7.878233,-9.793771,-11.463116,-12.991495,-14.387815,-15.681945,-16.970020,-18.018770,-18.958767,-20.070293,-21.015335,-21.895210,-22.759592,-23.560455,-24.480484,-25.093941,-25.634056,-26.483639,-27.132723,-27.786190,-28.378025,-28.957155,-29.757710,-30.056372,-30.408316,-31.160479,-31.653603,-32.143997,-32.642498,-33.092304,-33.772205,-33.921391,-34.100746,-34.858086,-35.214050,-35.621880,-35.990231,-36.397606,-37.045780,-37.163654,-37.194733,-37.837524,-38.228531,-38.567444,-38.880943,-39.247070,-39.929825,-39.836590,-39.832569,-40.508369,-40.736290,-41.030052,-41.346592,-41.620449,-45.227169,-42.824623,-44.090141,-42.760773,-43.023304,-43.380730,-43.467869,-43.763458,-44.508865,-44.279205,-44.065582,-44.770016,-45.026711,-45.087746,-45.457916,-45.532074,-46.082359,-46.331245,-45.678440,-46.483349,-46.965466,-46.580650,-47.284008,-47.933537,-48.289764,-47.660618,-47.148506,-48.394566,-48.198616,-48.633034,-48.676910,-48.834911,-49.517635,-48.928699,-48.526989,-49.787086,-49.668137,-50.008907,-50.053310,-50.473145,-51.412186,-50.984634,-50.403221,-51.007095,-50.930714,-51.223263,-51.560600,-51.630653,-52.648582,-51.586899,-51.494370,-52.485985,-52.491245,-52.600330,-53.018230,-53.058926,-53.956192,-53.109962,-52.490997,-53.765697,-53.816929,-53.770363,-53.874454,-54.144432,-57.737862,-54.017223,-49.895920,-54.768871,-55.044922,-54.982967,-55.448257,-55.328362,-56.120270,-55.658516,-54.827271,-55.565735,-55.922157,-56.103802,-56.438438,-56.262123,-57.104801,-56.698303,-55.678726,-56.538887,-56.691811,-57.282692,-57.195595,-57.323349,-58.962460,-57.425240,-57.086769,-57.756840,-57.568436,-57.720982,-57.843891,-58.080864,-59.001701,-57.581562,-56.885078,-58.648033,-58.476341,-58.419132,-59.400009,-58.647697,-60.711990,-59.386333,-58.257545,-59.586693,-61.062653,-60.752621,-58.133553,-58.658775,-61.193253,-61.274982,-58.586231,-60.812187,-60.422863,-60.412033,-60.712147,-61.173927,-62.937622,-60.653015,-59.395027,-60.738289,-61.039116,-61.575462,-61.543194,-61.655548,-59.356758,-61.589539,-60.071747,-62.060562,-62.396885,-62.110275,-61.789070,-61.834255,-63.614151,-62.992023,-61.209015,-63.045212,-62.911053,-63.589607,-62.779892,-63.098598,-65.156960,-63.530636,-61.771221,-62.533920,-62.795784,-64.278404,-63.322899,-63.972797,-66.948151,-64.633507,-63.139706,-64.655525,-64.706795,-64.178017,-64.731232,-64.518188,-66.059532,-67.460754,-62.895714,-65.572136,-65.478668,-65.271370,-65.129234,-65.683945,-67.399689,-64.821587,-64.056404,-66.022804,-66.071327,-67.024590,-64.853386,-65.636017,-70.605637,-63.674198,-65.462204,-65.952370,-67.015335,-64.708138,-66.473259,-65.991432,-67.563385,-67.974991,-65.021812,-67.133255,-67.946045,-68.702621,-66.491714,-67.355911,-48.473099,-120.000000,-49.470894,-66.249268,-65.438553,-66.447792,-70.784897,-66.753677,-73.047974,-68.060066,-66.627525,-67.574524,-69.265717,-68.750435,-68.548950,-68.371605,-69.066315,-71.564758,-67.272957,-68.562073,-69.492081,-68.424850,-69.720108,-67.887787,-71.584549,-67.687401,-67.593010,-68.143600,-69.295258,-69.390244,-69.544060,-70.024078,-72.325371,-67.554359,-66.302406,-69.546219,-69.396675,-70.701744,-69.387711,-69.717491,-70.071953,-68.198936,-70.118492,-73.062050,-70.778465,-73.626846,-70.396606,-69.293610,-69.765236,-66.611595,-66.847977,-70.256653,-71.516129,-74.196960,-68.854477,-71.594231,-76.894928,-70.016975,-70.754784,-74.558563,-72.013260,-70.968071,-72.764854,-72.318024,-61.244621,-74.353539,-64.537117,-70.415710,-74.769188,-71.600090,-70.752213,-75.318085,-78.119774,-76.057594,-69.801834,-73.590179,-70.314323,-73.254463,-71.311615,-72.753067,-72.928757,-70.495544,-69.920998,-73.451797,-76.607300,-73.659035,-79.771347,-73.767189,-74.798286,-71.024353,-73.779129,-83.139420,-70.574608,-74.880386,-73.596107,-75.988251,-74.894348,-70.100342,-68.548782,-73.612869,-74.204185,-71.337997,-76.896126,-78.613655,-77.813805,-73.765297,-71.303627,-75.342171,-80.264908,-76.727119,-74.461952,-75.412361,-74.822433,-76.003563,-70.751526,-82.197693,-75.680367,-71.836624,-77.069099,-74.542549,-82.678131,-76.345818,-70.771423,-76.162971,-75.687683,-74.065407,-72.087746,-78.610725,-63.491817,-70.564865,-61.305527,-79.464867,-82.152481,-77.531830,-74.159332,-75.435959,-81.261963,-76.381004,-71.490776,-75.728043,-74.474007,-81.925766,-78.125549,-75.973976,-80.568657,-74.438904,-72.116478,-78.076012,-77.555840,-79.667885,-85.906250,-80.011246,-84.446594,-79.903122,-76.182259,-77.614708,-82.457977,-85.820831,-78.778961,-89.110558,-72.655952,-80.392929,-71.622032,-74.312920,-77.887474,-79.392471,-86.691315,-83.014946,-89.433678,-90.296005,-75.729446,-79.132111,-81.982201,-77.033623,-81.058281,-84.586777,-104.124565,-80.914543,-75.386375,-76.359360,-80.401947,-79.011963,-81.566994,-81.924911,-82.346260,-89.552849,-78.096146,-88.278152,-84.450500,-81.248741,-80.683762,-86.660233,-63.019714,-68.731552,-68.788689,-86.869873,-83.353027,-95.490944,-79.845764,-91.889343,-81.780281,-93.256912,-76.165268,-78.701622,-84.321808,-87.529305,-79.201675,-85.742508,-84.130028,-72.674171,-90.287979,-74.736229,-69.006950,-64.870171,-63.823662,-64.619919,-69.306557,-82.332123,-77.131241,-87.092728,-77.223717,-78.926781,-87.706787,-82.642662,-70.940765,-76.102768,-68.976212,-92.641106,-79.990852,-88.531219,-80.526932,-80.467026,-83.353973,-74.882294,-77.707138,-82.792923,-82.584045,-78.142082,-88.433342,-91.451828,-78.526245,-80.659950,-76.489578,-97.376999,-86.718002,-85.805618,-90.101181,-87.648865,-81.148270,-73.610924,-85.292755,-90.642464,-87.911133,-83.042946,-88.055145,-101.867592,-53.023987
[0;32mI (50872) ANALISIS_ESPECTRO: Frame exportado | t=50.16 s | pico=78.1 Hz | 2.5 dB[0m
