Command: /home/yuusha1/esp/idf-tools/python_env/idf6.1_py3.12_env/bin/python /home/yuusha1/esp/idf/esp-idf/tools/idf_monitor.py -p /dev/ttyACM0 -b 115200 --toolchain-prefix xtensa-esp32s3-elf- --target esp32s3 --revision 0 /home/yuusha1/esp/projects/labs/Rep_SE_202601_grupo_Diego_Santiago_Chen/Lab_1/Ejercicio_5/analisis_espectro/build/analisis_espectro.elf /home/yuusha1/esp/projects/labs/Rep_SE_202601_grupo_Diego_Santiago_Chen/Lab_1/Ejercicio_5/analisis_espectro/build/bootloader/bootloader.elf -m '/home/yuusha1/esp/idf-tools/python_env/idf6.1_py3.12_env/bin/python' '/home/yuusha1/esp/idf/esp-idf/tools/idf.py' '-p' '/dev/ttyACM0'
ESP-ROM:esp32s3-20210327
Build:Mar 27 2021
rst:0x15 (USB_UART_CHIP_RESET),boot:0x8 (SPI_FAST_FLASH_BOOT)
Saved PC:0x42007903
SPIWP:0xee
mode:DIO, clock div:1
load:0x3fce2820,len:0x14f0
load:0x403c8700,len:0xda0
load:0x403cb700,len:0x2f58
entry 0x403c8908
[0;32mI (24) boot: ESP-IDF v6.1-dev-2938-g12f36a021f 2nd stage bootloader[0m
[0;32mI (25) boot: compile time Apr  8 2026 14:46:03[0m
[0;32mI (25) boot: Multicore bootloader[0m
[0;32mI (26) boot: chip revision: v0.2[0m
[0;32mI (29) boot: efuse block revision: v1.4[0m
[0;32mI (33) boot.esp32s3: Boot SPI Speed : 80MHz[0m
[0;32mI (37) boot.esp32s3: SPI Mode       : DIO[0m
[0;32mI (40) boot.esp32s3: SPI Flash Size : 16MB[0m
[0;32mI (44) boot: Enabling RNG early entropy source...[0m
[0;32mI (49) boot: Partition Table:[0m
[0;32mI (51) boot: ## Label            Usage          Type ST Offset   Length[0m
[0;32mI (58) boot:  0 nvs              WiFi data        01 02 00009000 00006000[0m
[0;32mI (64) boot:  1 phy_init         RF data          01 01 0000f000 00001000[0m
[0;32mI (71) boot:  2 factory          factory app      00 00 00010000 00100000[0m
[0;32mI (77) boot: End of partition table[0m
[0;32mI (81) esp_image: segment 0: paddr=00010020 vaddr=3c020020 size=0f458h ( 62552) map[0m
[0;32mI (99) esp_image: segment 1: paddr=0001f480 vaddr=3fc91300 size=00b98h (  2968) load[0m
[0;32mI (100) esp_image: segment 2: paddr=00020020 vaddr=42000020 size=1613ch ( 90428) map[0m
[0;32mI (119) esp_image: segment 3: paddr=00036164 vaddr=3fc91e98 size=025e4h (  9700) load[0m
[0;32mI (122) esp_image: segment 4: paddr=00038750 vaddr=40374000 size=0d2e4h ( 53988) load[0m
[0;32mI (135) esp_image: segment 5: paddr=00045a3c vaddr=50000000 size=00024h (    36) load[0m
[0;32mI (141) boot: Loaded app from partition at offset 0x10000[0m
[0;32mI (141) boot: Disabling RNG early entropy source...[0m
[0;32mI (153) cpu_start: Multicore app[0m
[0;32mI (161) cpu_start: GPIO 44 and 43 are used as console UART I/O pins[0m
[0;32mI (162) cpu_start: Pro cpu start user code[0m
[0;32mI (162) cpu_start: cpu freq: 160000000 Hz[0m
[0;32mI (163) app_init: Application information:[0m
[0;32mI (167) app_init: Project name:     analisis_espectro[0m
[0;32mI (172) app_init: App version:      bc6dc7c-dirty[0m
[0;32mI (176) app_init: Compile time:     Apr  8 2026 14:46:06[0m
[0;32mI (182) app_init: ELF file SHA256:  f87516d2c...[0m
[0;32mI (186) app_init: ESP-IDF:          v6.1-dev-2938-g12f36a021f[0m
[0;32mI (191) efuse_init: Min chip rev:     v0.0[0m
[0;32mI (195) efuse_init: Max chip rev:     v0.99 [0m
[0;32mI (199) efuse_init: Chip rev:         v0.2[0m
[0;32mI (203) heap_init: Initializing. RAM available for dynamic allocation:[0m
[0;32mI (209) heap_init: At 3FC99690 len 00050080 (320 KiB): RAM[0m
[0;32mI (214) heap_init: At 3FCE9710 len 00005724 (21 KiB): RAM[0m
[0;32mI (220) heap_init: At 3FCF0000 len 00008000 (32 KiB): DRAM[0m
[0;32mI (225) heap_init: At 600FE000 len 00001FE8 (7 KiB): RTCRAM[0m
[0;32mI (231) spi_flash: detected chip: boya[0m
[0;32mI (234) spi_flash: flash io: dio[0m
[0;32mI (237) sleep_gpio: Configure to isolate all GPIO pins in sleep state[0m
[0;32mI (243) sleep_gpio: Enable automatic switching of GPIO sleep configuration[0m
[0;32mI (250) main_task: Started on CPU0[0m
[0;32mI (260) main_task: Calling app_main()[0m
[0;32mI (260) ANALISIS_ESPECTRO: Inicializando analisis de espectro[0m
[0;32mI (260) ANALISIS_ESPECTRO: fs=16000 Hz, FFT=1024, periodo=1000 ms, export CSV por serial[0m
[0;32mI (280) main_task: Returned from app_main()[0m
SPECTRUM_CFG,16000,1024,512,15.625000,hann
SPECTRUM_FRAME,1.005981,93.750000,32.328579,hann,512,90.283905,84.274857,27.846802,34.689869,32.098263,21.136208,32.328579,31.097460,21.705288,29.448921,29.806461,23.223137,27.342169,29.013256,24.152012,26.173168,27.978230,23.856960,25.512794,26.685831,21.580584,25.037449,26.215441,17.107155,25.156290,27.132090,14.688179,24.863522,28.202820,19.865353,22.130924,27.414997,23.396511,14.150904,23.758305,23.094872,2.066603,16.750860,19.542128,10.873789,5.727390,15.066378,9.755021,0.918053,13.160292,10.982195,4.307158,12.557344,14.367449,11.011800,12.538311,16.316702,15.686596,13.449966,16.323793,17.484219,14.394227,13.769493,16.209539,13.700277,10.378876,11.788703,10.086365,7.401371,8.861862,8.628807,2.165590,9.823534,15.160835,14.902241,8.614429,16.859621,19.250845,15.803984,13.864960,17.975628,18.263958,13.099943,10.601716,14.381269,13.994746,2.543957,8.656316,13.434507,6.126631,10.084380,16.830297,13.362667,9.912060,17.792662,16.350719,8.443564,15.126354,16.159462,3.155372,10.328810,14.705100,7.101642,15.133488,17.606380,12.496958,13.993759,18.532475,13.376324,7.462973,12.720419,8.513549,12.323950,11.138354,14.627070,18.845558,16.803583,18.652328,21.032143,19.578333,18.191586,20.057465,19.523045,16.768215,17.298433,17.104462,15.210375,15.069480,15.449562,14.333638,14.404669,15.798351,14.902269,14.121616,15.328746,14.958587,13.214268,12.129432,11.589166,12.405289,7.832970,4.327383,12.866196,8.083687,6.451865,14.698969,10.729771,2.415727,13.255590,11.753078,-12.266485,4.756966,7.450027,3.174387,-0.706949,-3.790328,-1.191852,6.836560,8.934451,0.453243,4.410035,9.588381,4.519732,-0.293894,6.502833,-7.168286,7.737183,8.714472,0.429308,12.112145,13.311153,5.105460,11.965866,14.520813,8.056616,8.611970,12.765490,8.755593,4.815477,11.490324,9.486492,5.423057,8.898183,8.798566,5.836558,6.593812,6.246247,0.511522,2.872196,8.893419,8.837756,6.565906,4.846894,9.040621,9.508923,6.562119,-5.457511,4.843569,4.733029,2.064663,0.357549,3.808472,-15.944881,0.954064,7.487889,7.556153,7.051319,8.003370,8.864945,10.483479,7.604775,4.501384,8.350209,5.004570,5.319817,6.821047,6.304776,13.494487,13.607559,8.155173,13.432280,16.600222,11.858191,5.547189,13.864592,13.083125,-3.082309,11.003792,10.310278,-4.348373,13.455822,11.888356,5.509978,11.234971,12.277285,7.999723,6.773839,7.762484,5.115778,1.422773,-1.212038,0.456041,-2.039950,-5.746857,0.920280,2.986862,-16.408722,1.065498,5.791863,4.013317,-13.173512,0.410698,6.071967,2.710179,-3.424132,-1.932204,3.110889,3.387063,-6.526728,-5.018480,0.598837,-6.403013,-8.649400,-7.389793,0.072357,1.863008,-3.288901,-0.990790,3.277791,2.059041,-1.749024,-3.902134,0.844443,-0.262242,-12.816258,0.363288,0.260851,-2.708168,-2.568844,-0.448634,1.161568,1.015051,-14.286339,-3.158488,0.046982,-1.262305,-7.543273,-10.000404,-10.759187,-6.983500,-13.605015,-6.772891,-4.162403,-6.769436,-7.220214,-0.269208,-0.663509,2.132475,0.649606,0.746320,-0.354591,2.419523,3.657802,2.159210,-7.795820,-0.004894,5.804224,2.812371,-3.696057,3.259718,4.144717,1.246399,0.025173,-1.148281,-4.433485,-11.299095,-8.702069,-10.913597,-3.176170,2.491867,-0.561859,-3.888049,1.839985,2.324714,-4.782629,-10.109898,-10.347404,-8.863276,0.316712,2.273052,-4.651598,-4.591779,2.894055,1.094496,-2.526174,-5.304240,-8.967950,-8.530834,-0.226418,-2.318619,-3.892210,-1.513600,-0.457003,-1.739268,-0.034864,0.911089,-1.394024,-6.119616,0.509593,2.151025,-0.876901,-10.457756,-1.909222,-2.152168,-11.541385,-15.737071,-7.880565,-3.815551,-7.691413,-11.554249,-0.535920,-1.010138,-6.379559,-13.550529,-6.195940,-2.064724,0.064696,-2.358351,-13.075982,-0.964695,2.316545,-5.953841,-13.649901,-4.408484,-8.355981,-13.972126,-11.854892,-9.555982,-11.998134,-20.106812,-6.558755,-12.321929,-16.089184,-22.416430,-8.799447,-10.563788,-13.658670,-5.118484,-3.838163,-6.755251,-13.178557,-9.781276,-6.059733,-5.777975,-5.973052,-7.289587,-5.552580,-4.619050,-2.538892,-3.744816,-10.272044,-11.195660,-6.629142,-6.625004,-3.899138,-4.511606,-17.600042,-2.104833,0.256892,-7.653148,-11.425694,0.588601,1.060956,-1.725772,-6.162528,3.106470,4.935665,-2.160696,-5.170128,2.741523,2.987272,0.207000,-4.497628,-6.725683,3.623118,3.992949,-0.044004,0.980954,3.262681,0.902105,-0.611913,-0.057467,-5.642574,-26.800652,-7.420145,-4.271783,-0.219920,-2.734288,-12.519502,-4.899537,0.505288,0.270705,-3.864525,-10.867881,0.403371,1.901720,-5.223305,-1.270258,1.632895,-5.875793,-7.991734,-0.236346,-2.419137,-3.666133,-2.958740,-4.811230,-1.848134,0.926720,-1.146536,-6.667252,-5.516044,1.191301,0.657301,-5.344549,-4.808836,0.198836,-1.238221,-14.815197,-4.778193,-6.598889,-6.445857,-4.174935,-7.970355,-1.436168,-0.582167,-5.762949,-3.381065,-2.214111,-6.310914,-12.444600,-11.145029,-19.393467,-11.237793,-8.208868,-13.130220,-2.833624,-4.209039,-16.356052,-0.434286,-1.021598,-14.136831,-0.649421,0.994786,-8.887989,-3.985421,0.159239,-3.614576,-11.705699,-4.131621,-7.880080,-15.453306,-8.264871,-11.261458,-8.184744,-7.255445,-14.474550,-7.333084,-2.593334,-3.231822,-7.440143,-8.521181,-2.337808,-0.898763,-6.581778,-24.970528,-4.104949,-5.936837
[0;32mI (1670) ANALISIS_ESPECTRO: Frame exportado | t=1.01 s | pico=93.8 Hz | 32.3 dB[0m
SPECTRUM_FRAME,2.028337,93.750000,47.351227,hann,512,90.210579,84.204483,40.517365,49.841900,46.156349,36.591011,47.351227,46.449471,33.559486,43.163013,45.115692,33.979126,36.733788,42.087784,34.462677,24.818214,36.937057,32.972828,19.374296,28.197079,28.526806,24.548630,23.505653,20.473928,22.017181,24.143929,24.063648,11.629904,16.750071,24.575436,17.621368,14.946590,18.327087,20.517998,21.120003,8.303524,17.216150,20.891430,17.131165,3.569823,17.158796,14.284812,1.962753,8.579942,4.247540,1.557492,1.784699,8.010829,14.788851,0.966931,7.699294,17.814930,11.210594,2.551888,16.830206,15.634439,-2.137005,13.312410,15.991041,4.519641,7.609487,13.023941,6.669134,0.790385,11.289435,11.182241,0.247948,14.276876,15.758653,4.194325,14.001178,16.501862,6.030541,11.721807,13.457552,0.240600,12.832739,13.765013,6.047541,14.146279,16.232586,12.854153,13.407619,15.103482,13.649726,10.689501,12.902266,11.176543,6.470259,13.587209,11.902130,4.852538,13.196912,13.930147,7.111701,10.601643,13.127983,8.837145,7.520230,9.789170,7.959241,5.115498,5.014210,2.112650,3.482925,0.532466,0.124662,-0.924965,2.632126,5.226185,-3.585210,4.776946,5.053455,3.933811,4.031612,0.721757,5.337989,-1.915962,-6.807623,4.304499,-5.563027,5.165897,5.388783,3.524629,9.008351,7.412562,3.060008,7.827092,6.472956,-6.253181,-2.091461,0.068206,-3.458864,0.250265,1.628200,3.954570,5.376633,6.533127,6.798738,4.757540,6.006585,7.204280,2.781761,1.177649,3.719471,-0.912379,-0.002069,-3.363091,-15.521747,3.921338,6.529380,1.773801,4.222929,8.668625,6.325064,1.674886,5.551053,5.670472,-2.285264,-4.714089,-1.941411,-3.873639,-9.769684,-4.619143,-3.429969,-4.701840,2.240386,-1.513171,-0.322216,2.020861,0.876982,-0.840757,-2.957547,1.227011,-10.375992,-15.480623,1.431371,-2.778872,-1.456979,3.497378,3.319325,2.679152,4.667763,4.944171,3.898440,4.262325,3.723285,2.041008,1.731756,0.111057,-6.847962,-4.790591,-3.209003,-5.320298,-4.681885,-1.265917,0.401282,-1.123904,3.183585,4.968251,-4.315573,6.186172,10.118332,-7.756501,6.420726,12.160561,2.631519,4.327728,10.592051,5.424541,1.699954,5.167101,5.000834,0.650226,0.486416,4.775712,1.567217,-2.961490,3.376980,1.766515,-12.410675,-4.838220,-1.404024,-3.561013,-0.422662,-8.436421,-7.879247,2.145787,-4.000884,-12.298544,-2.517507,-2.482085,-3.642936,-14.773416,-3.900559,-0.288265,-4.543858,-3.922456,1.918634,0.770779,-1.760566,1.945120,2.137373,-1.339682,-0.454755,-0.890814,-4.923454,-4.019668,-9.203184,-14.036702,-5.583923,-6.555168,-12.947697,-7.523068,-5.115551,-12.344913,-2.361135,-5.948882,-6.660584,1.891298,-1.880512,-3.811013,2.755835,-0.164167,-3.690430,1.135481,-1.867896,-6.289124,-2.454885,-5.557568,-6.859898,-7.641840,-8.187534,-5.810041,-10.157494,-10.340265,-10.043034,-8.609004,-20.189899,-17.468493,-4.615151,-12.456316,-9.661529,-3.216233,-9.092978,-11.455966,-6.155046,-17.521233,-16.491850,-9.705057,-6.379432,-3.095728,-4.069058,-1.673399,-0.088735,-1.507108,-1.204234,-1.584985,-2.047840,-1.965770,-6.408744,-4.003396,-1.211043,-9.621520,-4.647408,0.881301,-2.897132,-3.191608,2.539738,1.500558,-1.563187,2.477121,2.687433,-1.683263,-1.008892,0.838202,-2.419688,-14.233696,-5.799903,-4.012443,-10.823422,-19.459602,-9.514186,-12.417648,-11.883517,-17.949102,-6.673730,-20.544584,-13.873178,-4.409925,-7.871562,-16.878525,-7.022889,-9.234649,-15.838884,-4.129736,-4.925088,-7.209019,-2.236573,-1.083875,-3.064921,-3.492996,-2.235449,-3.895248,-7.309514,-3.741945,-7.666769,-11.379869,-3.844671,-4.807016,-7.656046,-6.207618,-5.808049,-6.195297,-9.826984,-13.934584,-10.721748,-11.875454,-20.313246,-26.497877,-14.421681,-22.591589,-14.930869,-17.932877,-15.608139,-21.142849,-12.393250,-12.457719,-19.160183,-11.018976,-6.095634,-9.689250,-18.167900,-3.620457,-4.469238,-14.069441,-5.580945,-3.195043,-8.744973,-6.830490,-5.834391,-14.008955,-5.748415,-10.155354,-16.560600,-13.628459,-10.889112,-9.684593,-11.142015,-10.726307,-12.983441,-6.162908,-6.140355,-18.141144,-8.664951,-6.695881,-11.954224,-14.629239,-14.854707,-13.476004,-11.903710,-24.969692,-20.431311,-6.081791,-10.783356,-16.023020,-6.408156,-4.863875,-20.434322,-13.989319,-4.798656,-14.129754,-17.662457,-8.471462,-12.485809,-11.323438,-9.725079,-15.167737,-10.888315,-10.244938,-10.965825,-11.142685,-13.973861,-6.405512,-13.366240,-16.238911,-4.400895,-10.676051,-11.338414,-4.559029,-5.137804,-8.898393,-7.956150,-5.217289,-12.331285,-18.926666,-15.439636,-13.144269,-7.998209,-8.450470,-2.315526,-2.957538,-3.595382,0.885160,-1.418955,-3.911312,0.574031,-2.399220,-5.460305,-0.872277,-5.401135,-5.286009,-0.409757,-6.961631,-3.832604,1.174917,-4.333775,-4.111444,1.775439,-2.484676,-7.468001,-0.748198,-3.899292,-13.933116,-12.988683,-13.709429,-20.975142,-6.760297,-8.316032,-11.698151,-2.307244,-2.320287,-8.901425,-3.114228,-2.429380,-8.953714,-6.217160,-5.929992,-10.762964,-9.190458,-11.261900,-12.658203,-9.715999,-15.427542,-14.310158,-10.881157,-12.233533,-24.225733,-17.971498,-7.613402,-10.588661,-9.188216,-5.861487,-2.945831,-4.660169,-5.217988,-0.718234,-3.539166,-4.940093,-1.238799,-3.973034,-4.750373,-2.783605,-4.689267,-4.570290,-4.545913,-6.331784,-5.731654,-8.177008,-11.601984,-10.660924,-22.242310
[0;32mI (2700) ANALISIS_ESPECTRO: Frame exportado | t=2.03 s | pico=93.8 Hz | 47.4 dB[0m
SPECTRUM_FRAME,3.050699,1953.125000,51.006428,hann,512,90.111191,84.109566,36.323769,46.910736,43.275143,28.559040,35.465607,35.768715,29.844818,33.529610,32.225307,19.426847,24.922909,28.977776,16.928160,24.524921,30.959063,27.150450,21.469044,24.377544,24.879837,25.663723,28.905275,26.909328,20.364344,28.337151,28.517273,24.521444,29.153671,31.164715,25.242340,21.914227,29.788923,27.963686,11.428764,20.028067,25.535423,19.441525,25.302700,26.570507,19.835239,22.411293,21.626299,16.376091,22.206581,22.784330,19.120792,16.954962,3.907253,8.715813,5.573187,19.062675,17.190325,16.520462,26.510374,28.439682,14.235126,28.197784,36.309006,33.841835,28.318537,28.168962,25.554737,30.271725,31.098501,21.585365,38.949963,42.034359,32.951008,28.563498,31.556284,20.642681,18.923204,27.947302,26.359577,19.205219,23.552406,18.735249,13.679783,18.815632,18.095791,8.897417,18.902548,26.042955,27.282860,22.019579,19.360680,23.952518,22.434309,21.886833,25.069391,18.536169,17.292633,26.954557,20.022652,13.550767,21.969402,11.659821,19.925482,24.897274,28.371393,26.795841,25.212856,25.100374,23.132309,16.987314,18.556273,17.498039,15.637934,25.217516,23.431807,14.385418,20.674440,21.653458,18.673174,8.080790,21.680050,26.107389,20.389015,26.465740,22.851229,34.748795,40.051872,34.140507,43.590897,51.006428,46.183895,30.600080,39.092796,37.426914,25.615978,29.239731,29.561539,25.511236,27.685188,20.958172,12.863396,12.407428,18.618980,16.568756,22.590813,26.266489,23.960640,18.210644,11.586796,7.303143,2.845894,-1.627069,22.895868,29.404110,32.787674,32.897881,25.180084,12.577681,18.844105,11.931548,20.334808,31.252602,31.825825,21.725149,22.203880,11.968792,4.032420,16.199755,21.088030,15.076391,16.765846,19.187847,19.995773,20.636137,22.810266,19.352699,17.305504,16.757137,19.092342,20.628736,20.226906,18.945198,16.312149,24.292747,29.650146,28.864429,26.978680,36.202168,35.968937,23.429930,18.304058,23.623615,21.640062,18.186930,21.935059,34.626736,37.842525,30.945398,4.678975,18.316954,15.593496,8.460314,20.460957,17.818169,10.028732,12.973793,18.966267,17.495602,12.898371,18.987522,17.873306,19.266081,20.789183,22.943211,18.695971,-4.027805,7.654065,13.670835,19.191147,16.529802,16.456049,17.141825,23.069288,14.837589,4.453367,18.841093,19.480658,16.686384,20.726805,27.435305,29.065929,23.984289,17.516056,12.456718,3.287881,12.329084,4.999721,20.546694,23.829487,19.859936,2.041911,20.113256,23.470539,21.235451,21.147213,13.442696,20.096729,13.904077,17.648046,18.708410,17.052181,23.944342,18.240788,25.938551,36.829514,32.512440,13.336161,23.994148,24.823067,9.381810,9.160326,6.345821,22.495922,25.134346,19.074169,16.412506,20.491810,19.944996,16.459690,10.053549,11.381903,17.371019,19.446342,18.755039,14.811073,16.456150,19.411053,18.808048,24.514172,27.404602,28.049356,25.055412,18.727995,17.671017,17.316540,15.757290,24.254375,26.842598,19.449554,18.609852,8.305742,11.421280,19.656994,20.744225,17.226982,12.490824,21.405334,19.355209,10.939813,16.600422,18.714920,17.029694,16.980314,20.743843,18.915827,14.916254,9.280478,3.215841,19.507061,25.541821,17.418697,14.792665,26.506872,29.933670,10.204305,23.483965,23.170544,17.059338,23.104486,18.365957,32.331806,36.691547,29.416084,18.394085,23.052498,13.032072,5.055272,19.293888,18.047501,11.209324,6.990252,9.983035,13.287460,16.246239,18.719730,15.212029,24.767803,23.193226,21.061710,16.863894,11.218761,18.890587,18.624681,17.212954,18.791290,24.184284,26.863178,22.647587,15.669220,17.040470,11.089173,12.594028,18.800200,23.623877,16.596506,21.446859,20.061838,15.713391,15.559587,17.430008,9.613840,15.336136,19.467485,20.541704,19.685575,13.475610,13.776682,13.902282,15.940022,21.018591,15.587415,19.016397,10.354033,15.167665,10.986079,13.540161,22.876099,22.904221,21.619596,31.824356,29.790800,14.927020,20.233067,22.756340,18.026068,16.944550,16.929228,17.242796,24.662426,20.661661,7.595403,12.979315,-11.471262,17.065008,23.797668,20.843166,17.652760,18.320063,19.664909,16.839375,10.009766,17.939960,22.384691,24.599218,26.277496,27.669641,25.560223,14.035063,20.008236,21.826200,9.291495,20.753557,26.637239,23.318089,17.447037,16.681103,13.422911,15.644663,20.442715,21.305748,17.416443,14.629147,15.289222,16.399925,17.902449,16.907648,16.356014,14.930362,19.349979,22.093777,16.248877,10.766504,16.379425,19.993788,22.055933,25.310322,25.713169,28.596321,30.232922,23.655710,5.646724,5.804800,13.781037,20.293392,19.508680,27.693451,31.983707,23.951618,12.910804,19.292196,16.651943,9.588858,7.445862,-2.459576,15.596677,15.819878,13.453722,17.996754,18.867422,15.904492,23.426540,28.552879,25.924549,22.401028,20.314632,15.487463,19.798620,20.184711,14.953239,24.192808,19.465984,11.897495,18.729105,20.216963,18.090149,6.434536,9.391552,14.341734,21.302702,22.658253,23.652323,23.077034,18.356400,15.702938,12.567282,19.791969,13.962401,17.451208,21.126255,17.050549,8.889763,11.698388,9.150639,14.694095,20.741198,19.402378,13.412746,12.857042,15.253801,14.012724,14.197115,19.107033,21.348831,22.392330,18.689255,8.716713,10.134133,7.995025,5.536113,9.160641,16.831976,15.972241,19.502090,23.582602,17.163380,13.015787
[0;32mI (3720) ANALISIS_ESPECTRO: Frame exportado | t=3.05 s | pico=1953.1 Hz | 51.0 dB[0m
SPECTRUM_FRAME,4.073059,1953.125000,51.290394,hann,512,90.107567,84.096863,37.679169,46.797565,43.771896,28.366261,36.789715,34.570869,26.151201,33.653854,33.097736,24.777294,18.026318,22.897242,19.388405,18.309269,24.690445,18.764450,5.154009,9.733306,15.037083,9.667574,19.976334,19.264244,19.612862,10.165705,21.678743,18.998089,13.813566,22.891472,13.708969,21.725025,25.087349,15.354239,20.767311,27.783096,22.705299,13.744940,25.186802,22.977444,16.901852,23.502560,21.626568,18.935158,12.653642,16.835588,10.458786,24.414158,26.785507,24.567924,20.396893,17.819309,24.837492,19.790945,13.238430,24.292358,27.046717,6.890697,34.217579,33.677155,21.712124,20.615122,20.394363,33.451618,34.415306,24.012955,40.442299,42.750870,33.606789,25.642910,32.917015,27.219769,19.525141,24.171457,5.683685,24.244892,21.138590,15.932777,9.130081,16.826691,20.943363,16.692812,20.168287,18.416269,16.608543,12.961462,11.380033,18.306244,20.174881,12.884403,15.585419,13.107642,22.612671,28.764818,23.399010,12.691270,19.406301,16.029192,20.476822,25.819691,15.887627,7.165177,10.477741,11.178381,10.770721,18.567757,20.468769,18.278393,11.514195,23.417198,21.596947,2.483657,17.533777,20.106413,16.594322,22.936802,30.524652,30.508419,25.853954,28.989075,20.340155,35.460922,39.785572,32.260746,44.231003,51.290394,46.316677,29.947092,40.042046,37.787151,19.586575,28.630714,27.834167,26.331619,25.560839,25.710564,16.485521,17.200277,11.903637,17.856405,21.699547,22.679150,18.891127,13.992032,11.698327,11.296978,12.378571,7.732685,19.232496,22.755371,18.356092,21.958782,23.256800,7.015977,13.327880,15.041276,17.672617,25.776421,21.676758,19.049370,22.780476,6.154690,4.510364,18.400009,17.574175,14.632790,9.121538,9.922904,14.317694,16.263542,11.709647,13.073858,13.779717,14.004482,21.776718,24.380074,16.802402,16.856243,13.771001,15.691036,25.519447,23.014610,22.860699,36.483604,35.848907,15.642973,24.338446,26.985342,23.489172,20.309603,3.680609,32.985809,37.154606,28.914993,21.126045,24.057507,18.421114,5.230372,20.327950,19.208864,18.461445,15.352206,9.117838,8.459380,13.756586,13.245895,10.751284,14.578951,8.498470,16.048199,20.524555,11.665640,8.338764,10.301807,14.236923,22.394848,21.555668,16.910568,25.857033,21.661680,12.630620,14.604172,14.434981,17.208260,22.796289,20.330999,17.781221,14.204841,4.101566,4.732663,14.056343,15.857444,15.927349,17.400644,13.287962,2.444151,9.862858,13.702814,15.848152,18.063057,11.683102,23.161383,26.448610,18.950829,7.740889,18.997080,24.123211,26.831863,19.618076,29.337738,37.575344,33.926121,16.616514,28.351858,24.480598,18.538242,21.434361,6.631474,26.224705,26.619661,12.647942,13.880169,19.580399,15.882459,16.808203,22.262676,16.684315,12.100343,17.346817,11.642572,12.965204,14.161915,9.649752,16.650175,25.024139,21.910360,19.989960,17.768112,5.912515,17.926491,13.724028,14.151371,23.602638,19.988678,23.597740,26.837448,21.115807,-19.146816,16.340727,13.395203,10.307499,18.469231,8.919706,14.044837,10.652372,2.561032,5.297633,16.013784,16.321320,2.289752,19.376995,18.839882,16.575907,12.620315,12.836228,23.546247,23.908613,19.415874,28.832382,30.885628,22.458517,11.409208,19.296238,22.398731,23.570421,14.881087,33.834103,37.740273,30.537865,19.673639,25.519236,19.561794,12.991319,20.006466,19.831507,10.020238,11.963711,8.012402,-0.331022,7.811694,-0.371642,18.071978,25.053394,22.791088,12.049111,9.940670,11.483133,12.828358,17.822420,18.706802,11.017832,18.583139,19.816303,18.331329,16.113855,10.823639,3.938334,13.269764,18.577419,25.392220,20.234245,12.883286,16.481947,8.832780,10.720989,15.984851,18.308693,17.360981,18.635208,17.739025,18.497730,14.880610,-3.568907,11.929365,13.731728,11.177479,21.363508,25.792551,20.639809,1.455892,14.799044,15.129755,16.969862,14.204685,20.817364,32.077114,29.983570,17.590925,18.623215,16.389166,10.884174,14.734645,15.444430,22.254934,22.369549,5.397073,18.606554,21.367893,14.922442,17.913486,24.886051,20.697163,6.739655,9.180661,10.389881,-0.515772,10.382391,12.178186,8.273746,13.115767,9.691821,18.924612,21.857800,3.468189,17.208584,16.309080,12.104007,16.843845,13.788624,15.314174,18.080938,7.405780,-0.238376,5.278623,3.192840,16.215538,19.481667,12.639006,14.445295,16.361805,11.575055,10.328498,20.315895,17.224504,20.100487,23.906281,18.872822,14.716532,10.924204,10.445225,15.949613,14.588981,17.962961,26.915413,27.817507,18.726727,13.109634,14.244997,14.972634,15.547093,17.078283,28.650864,33.223526,26.681879,11.511488,21.067991,19.469748,4.454257,6.472991,11.554084,17.672611,15.265265,-11.002581,15.712857,19.711134,16.101143,23.275728,27.552031,21.416548,4.311461,20.300117,18.118795,2.853968,16.897865,7.551601,21.954620,17.175695,8.066708,18.690929,17.255199,12.237754,9.939442,4.796299,20.208960,24.244514,19.797024,17.396048,15.140900,10.336056,4.231373,12.778043,2.221711,7.081954,13.238678,12.595724,15.216890,12.426409,9.801172,20.847485,25.442732,21.103403,16.496199,17.791613,-1.623419,9.409947,7.690630,13.224199,17.270832,16.723967,10.566080,11.081452,12.913857,10.422877,17.065943,10.393122,20.031281,19.549257,9.371195,26.743471,28.060190,16.181593,10.637091
[0;32mI (4740) ANALISIS_ESPECTRO: Frame exportado | t=4.07 s | pico=1953.1 Hz | 51.3 dB[0m
SPECTRUM_FRAME,5.095431,1953.125000,52.552956,hann,512,90.086365,84.075150,39.008274,46.358738,43.172165,18.006037,34.289124,33.117977,20.485550,28.315790,29.908054,16.295244,24.088974,25.550692,14.887372,23.376617,27.869036,21.339924,5.016499,4.774410,11.825391,15.255994,22.602631,24.227573,13.079334,16.773182,17.794788,10.500684,20.072983,24.243530,18.744473,21.987823,30.203457,26.552273,9.460174,25.103283,22.926931,15.274437,18.330307,13.038684,8.947222,21.626163,22.590254,16.016901,8.420048,17.028355,14.604137,11.785166,16.355654,8.336088,12.082134,18.457657,17.829845,12.632803,13.140346,23.876268,21.290606,14.972029,22.361803,18.023232,6.341463,16.287130,11.413344,9.314937,18.690739,16.187420,11.708735,21.219904,18.945910,5.522924,17.023491,13.940338,11.139121,11.941794,11.844624,10.599360,6.288006,7.841540,2.347583,11.814275,16.155756,14.297620,-5.762077,19.172771,20.216158,11.371836,15.711731,11.267877,10.739574,8.596836,8.352539,3.385594,23.901516,28.702433,20.448065,12.018367,12.750423,10.654526,10.796583,12.189855,10.287693,16.854834,17.881500,17.209831,13.137894,5.652423,8.708502,15.296798,19.413040,24.073029,19.724350,-2.298308,16.609957,17.990124,-1.046481,26.109163,28.535690,16.054876,26.728937,28.798916,16.318790,36.537998,41.159359,34.775036,45.356106,52.552956,47.838768,30.105932,40.672363,38.154713,16.407711,27.072165,26.866110,12.066818,23.149805,25.593355,19.112549,8.784499,17.439386,14.214489,17.944427,23.807829,15.585418,15.072503,15.066061,13.956532,15.725010,12.964994,21.868551,18.840649,14.678144,20.213240,17.033596,-0.042072,14.888697,10.755548,19.414156,29.904654,28.261353,14.239153,8.267960,11.996347,9.667228,13.228024,14.015001,11.216587,-9.732506,13.063929,12.288283,8.415336,10.097624,10.858766,13.768103,14.231567,14.280737,11.452768,7.229790,12.264475,10.032928,9.796022,22.149258,22.842093,11.367087,7.874297,10.077246,9.236635,10.823307,-10.950157,-1.082950,9.800424,10.757328,1.455414,7.309747,12.095580,18.785780,19.364092,9.417374,-1.357166,7.930316,10.791074,13.635446,14.823944,-1.212482,10.352205,9.771680,1.471958,12.479048,18.506300,16.755741,15.892018,13.802558,12.434468,13.351496,7.988338,16.746616,19.953026,8.213904,25.636684,31.073082,25.122303,10.613791,18.766987,15.335627,10.060626,13.506218,9.833424,3.769470,5.207516,8.650094,11.150884,4.964009,6.183987,5.454200,1.695658,12.248119,10.398119,1.009058,18.053852,21.007656,14.767972,11.425729,19.354771,17.730892,17.480886,20.007650,11.451587,25.653446,30.845821,24.886044,34.087288,42.853485,39.287491,18.751373,30.460503,28.246292,12.261352,22.661383,21.993824,14.221521,15.238346,14.647876,5.213471,11.816760,12.180990,7.173164,1.662621,5.434627,7.850954,11.416407,-4.412645,14.208011,14.059262,17.213692,29.710733,28.664312,9.407887,19.075235,16.800539,8.955077,19.156912,18.128664,14.402199,29.120743,28.509314,15.219116,13.199993,12.796088,5.719452,10.501634,-6.741583,6.742253,5.866086,5.475554,-0.425684,-2.352645,2.275676,8.949115,10.440446,8.495382,6.533582,8.727137,10.071908,17.006878,16.157261,5.119977,19.654230,20.809635,2.319442,10.739155,15.448369,12.876324,10.006210,2.168464,1.299403,15.002255,16.844097,8.532532,7.699751,1.578799,4.681037,6.512417,-4.247766,6.486600,8.189758,0.900685,2.014285,10.250750,7.268142,7.506573,11.350764,1.685662,5.609602,5.212421,5.654010,11.843435,7.258924,9.224332,11.667594,18.258911,15.921564,17.673092,13.067174,23.451422,30.852989,25.741556,9.571384,18.825567,18.166391,12.341488,14.619919,8.577142,7.584007,12.086517,10.452332,6.408965,5.163708,-9.382593,11.815889,12.864750,13.609020,9.789197,-2.638192,10.741671,16.534679,12.968683,19.495668,28.825968,26.272041,-5.679650,18.055820,17.562374,15.542384,26.137304,22.227488,27.813652,38.139404,35.737148,21.043310,25.511166,25.152805,11.902954,9.864303,13.898997,10.590313,-4.986026,10.078810,14.255509,14.810410,9.817392,2.897043,6.235187,3.538449,9.710644,13.777916,14.462128,21.045897,20.258715,15.402483,23.631353,23.582905,11.081627,18.256227,21.111248,14.583420,16.257746,11.610168,15.870436,29.064754,29.175615,15.455408,16.457750,18.904518,12.591606,-0.480594,12.061481,11.965446,8.770947,7.817872,11.651533,7.514630,-2.544791,-3.410321,-0.561046,9.816119,13.172215,12.550928,11.082835,16.037106,16.506458,6.526353,26.621147,29.218912,19.183302,15.432665,18.944010,15.422966,16.196289,6.402163,6.659204,3.733671,10.734519,9.410625,7.805235,2.417287,12.349134,14.787542,9.171599,6.828813,8.743421,1.851224,4.945377,6.659172,0.665090,3.031219,9.547970,7.161709,2.905381,8.762638,13.270271,17.642521,13.995036,1.005814,4.420763,9.835701,10.292891,13.597274,2.633838,15.048096,24.246662,20.319847,8.677272,14.324825,12.197868,-0.638351,11.015360,10.144299,4.298511,8.561448,12.263913,10.560886,-0.587350,4.053036,7.573319,-0.386965,2.493232,2.372218,-1.165615,9.102091,14.335701,12.552766,16.054316,23.902452,20.984501,13.826509,18.018661,14.133915,16.276190,25.224930,23.649256,24.151070,36.791359,35.481819,14.397497,24.784588,23.112103,4.738105,16.511028,14.975006,6.497102,1.540824,10.994497,5.745844
[0;32mI (5750) ANALISIS_ESPECTRO: Frame exportado | t=5.10 s | pico=1953.1 Hz | 52.6 dB[0m
SPECTRUM_FRAME,6.117781,1953.125000,51.989727,hann,512,90.075752,84.065369,38.782658,46.751472,43.465370,13.445114,35.066658,33.838142,16.076334,29.615692,30.574236,17.792635,23.187887,25.785570,15.859591,23.745857,30.235460,24.677750,8.596088,23.242210,24.003052,18.396523,27.313229,32.774673,28.033363,16.132191,13.915403,15.398876,14.166278,13.916601,10.135784,17.598412,21.935196,17.221115,8.462221,20.350849,18.490641,11.805062,17.038239,14.562956,8.168913,20.149826,20.916462,2.426231,13.621454,15.575346,17.358109,9.632951,16.328510,12.763016,-1.648327,13.201487,8.770428,9.521925,15.461931,12.416133,7.671103,7.349605,6.166669,-9.770473,13.533590,18.374287,11.182703,2.130698,12.645770,9.706132,15.802628,20.490589,14.011364,15.481165,18.028502,15.566979,11.204369,5.627638,5.272345,2.996598,9.111547,3.193333,9.216540,12.507806,3.149531,9.742245,10.534079,8.020878,14.023409,9.347262,13.263062,12.930067,3.280492,12.113604,16.227673,9.063972,13.065921,19.378729,12.686691,-0.155195,6.525495,-0.665766,17.463215,23.480566,21.524773,17.976070,19.695717,15.224636,7.927687,18.202633,17.122976,0.459494,9.722585,21.150110,17.272047,7.280728,17.281864,16.035372,13.396418,23.446810,23.401505,12.466106,25.463736,27.448059,13.118000,35.842430,40.625374,32.930229,44.698158,51.989727,47.438770,27.003860,40.436913,37.977306,13.193511,28.392582,27.891899,16.858152,20.790861,23.650986,14.806838,16.752546,21.485813,16.498615,14.346630,23.892887,21.679857,8.367403,13.394280,18.608845,17.170235,19.790014,31.563368,29.394051,-5.919611,14.191514,12.663383,9.291267,9.046683,1.693112,7.241593,13.963614,4.483346,7.269410,9.292152,0.256246,-12.385265,11.028994,11.585812,1.274854,11.185476,17.296602,17.200733,6.756628,17.411194,14.764177,12.037884,15.032796,16.668434,15.561749,13.999862,13.188828,7.693174,-3.375100,7.479310,9.169047,2.750573,5.685861,2.320037,3.800306,6.332835,1.175275,4.965558,7.771655,4.757444,10.410237,12.879618,8.328201,8.449574,11.681386,8.001872,9.029069,4.166557,-7.469449,12.194213,16.792831,12.209901,12.315898,14.013243,6.883823,8.547982,15.993551,13.708239,10.610137,6.220631,-2.268902,2.731431,-2.086827,7.766991,6.513047,1.600373,10.944448,12.389370,6.324618,3.635823,8.835391,5.025421,9.572898,16.042082,11.155605,20.520380,27.506504,22.308624,11.704958,14.652310,13.652171,6.333704,4.935720,1.440980,8.671776,7.073359,-11.263556,1.056113,1.377104,9.516415,12.801123,-1.597085,18.614220,22.714931,16.145056,25.562830,31.776527,28.140732,36.149971,45.193413,41.753647,22.151909,31.485243,30.552822,13.132624,22.152401,23.491671,9.993806,16.434063,19.254967,11.155491,12.184648,17.343618,13.237448,6.967676,18.963642,19.037113,6.752861,14.870865,20.563393,11.130236,16.628944,28.650543,26.774120,8.968956,18.433525,20.496544,11.134069,5.204799,-1.927153,3.716375,1.297373,-3.314588,1.838933,7.192012,5.177626,-1.081190,5.894248,11.026107,8.336215,1.027742,14.320066,16.467623,7.315704,8.364866,18.072756,17.673809,10.818855,16.029394,13.894653,7.652215,2.484159,4.068620,-0.486354,11.877125,14.289188,4.970084,6.278172,10.685266,0.165622,5.101202,5.834718,3.983994,-0.898649,-3.830302,7.391365,12.113490,5.975045,7.723243,9.234190,-3.522439,2.717115,6.811067,-0.696531,3.420926,7.912049,10.989810,-5.709481,12.289515,7.277716,4.394327,7.504102,2.806077,-1.258402,4.178615,1.490585,-0.237053,3.634031,8.520891,10.850849,3.819407,6.027085,12.791406,4.544522,-0.013613,7.914217,5.504097,10.699539,18.390263,17.919668,12.548190,25.002754,20.330507,3.096276,17.187408,18.555786,10.238722,5.104052,6.089810,2.142399,4.018190,0.457726,2.351888,2.665421,3.478809,4.412963,7.922194,-0.550155,1.244127,0.466709,19.387693,26.151171,20.864948,26.648539,36.802750,34.352962,15.615351,21.891537,23.745691,7.633520,18.407429,21.165113,14.503789,-4.378143,11.597984,10.812466,-8.604249,12.856438,14.499399,9.161709,10.666979,17.194262,10.490303,17.695902,25.384346,22.002621,20.260172,35.028511,34.939381,17.783255,23.092405,22.656605,11.861416,14.006139,12.605503,2.895046,-0.712406,-2.342046,6.870340,-0.422388,2.591176,2.754834,-4.019145,-2.313862,3.586650,1.521937,1.117328,7.240710,12.179533,11.410985,20.731552,21.688721,4.297480,3.681497,8.996787,7.189506,5.414481,7.583306,3.337917,-4.402346,7.034935,4.897620,2.638560,7.897972,3.727741,-3.102348,-2.102237,4.703351,-5.144338,1.330423,11.264841,11.631780,-13.994284,13.343142,15.497141,7.516016,6.576328,11.554379,6.537774,4.225872,10.286474,7.714716,10.493365,12.592514,3.945701,4.905109,10.588463,10.350084,-9.374500,3.802754,3.967901,2.929142,-5.733342,-15.300623,4.755764,4.501107,-2.124383,7.866335,0.283229,-6.564754,7.307095,6.706373,12.023478,18.518173,16.687294,10.287540,5.293660,9.431868,7.913947,14.217349,16.016562,4.423975,5.847884,9.215466,4.866844,0.134696,5.444635,3.167783,-0.621579,3.645290,6.557878,1.175688,10.348271,14.800392,6.380360,14.108438,23.074223,19.830521,25.647526,38.025219,37.116863,19.247086,24.248789,23.616322,11.799661,15.004916,18.863377,15.388041,6.587018,14.454757,14.674768
[0;32mI (6770) ANALISIS_ESPECTRO: Frame exportado | t=6.12 s | pico=1953.1 Hz | 52.0 dB[0m
SPECTRUM_FRAME,7.140142,1953.125000,50.635498,hann,512,90.113945,84.111931,36.551315,46.637657,42.593391,24.301653,37.109447,37.349884,34.055786,36.136005,34.095673,19.629616,21.426319,27.590750,22.637022,16.848770,29.140329,25.419094,16.429066,21.073219,18.474710,18.339676,24.291708,21.079956,19.399670,27.191154,26.153498,15.493741,15.032743,19.864285,15.381424,21.196293,25.961582,20.725843,16.976236,20.878269,16.690962,9.451653,19.609337,21.418087,17.160616,21.590651,24.472633,20.330124,21.330933,23.751848,16.148952,17.533594,18.526918,15.790548,16.171921,24.081806,21.982367,17.850044,17.612228,22.154987,13.282873,11.948794,35.312038,35.805954,24.499451,24.645071,21.976740,32.748722,31.231983,26.022120,40.429478,42.340515,31.817629,29.032452,34.170433,26.575516,16.253481,27.232943,26.904564,20.205711,24.367481,23.979490,14.282228,14.808886,23.057858,18.765875,7.303878,13.323381,13.494333,11.775571,18.771986,19.933495,11.411405,17.076738,20.534105,13.560615,15.534324,21.084040,15.563923,13.541920,18.593386,10.899888,10.263728,22.886755,22.837564,10.930705,19.409729,18.514021,12.719801,19.586742,19.616926,18.732059,24.152657,26.234701,19.540760,12.195255,17.617840,19.677402,19.904850,25.523130,32.712543,34.154583,29.748018,26.506237,20.712696,34.553974,39.420654,31.350832,43.201950,50.635498,45.906967,29.966982,39.624413,37.290970,26.043280,28.967846,28.316362,28.597391,26.185686,26.783283,23.592609,22.071720,19.790258,16.849657,23.351357,21.765713,21.869286,8.619494,11.328045,2.778191,3.567153,18.345175,17.191824,5.048368,9.487084,10.315561,15.086001,9.805329,3.964221,8.443812,13.231534,17.239126,2.288966,5.836421,6.355682,-3.341174,7.750162,10.522586,9.851467,12.337830,17.145605,19.432205,15.824085,9.063405,12.963873,10.431981,3.418871,10.664773,13.935257,24.361443,19.646992,18.627645,17.764637,21.415121,28.912266,26.314123,25.587675,36.311077,36.527153,26.589632,28.215176,28.179150,24.643913,20.975180,17.041155,35.611481,38.985580,30.597099,0.780405,21.418140,15.748878,17.640842,27.444759,24.526625,15.737323,12.191967,15.255634,9.775520,10.692739,9.926136,13.522367,15.009192,7.225366,-6.529651,11.646732,12.288581,6.359089,9.150040,13.307920,9.106157,9.095084,13.482776,13.805132,11.674490,8.946486,3.023835,5.155867,9.816913,9.469656,13.624192,13.745520,11.599997,7.431152,9.319798,14.192442,8.969846,5.871744,18.898254,19.192169,10.281615,12.550612,12.848439,12.386331,16.438370,7.866989,19.818260,24.889305,15.510491,21.496937,19.992321,20.589386,26.981525,23.535118,28.717400,38.123642,34.745583,19.603626,24.816530,24.327896,18.919107,22.902531,25.265791,28.232597,27.354137,19.133888,18.609949,20.242796,15.190619,13.750278,18.404816,16.213755,-3.694870,14.560256,14.570724,13.453325,8.465612,12.938890,22.260860,22.094271,15.815115,5.960066,8.756952,12.411749,15.749589,10.372564,15.002993,18.489014,13.732606,14.523775,9.429610,5.260863,5.457264,7.292872,15.424967,19.990707,16.070383,-0.011371,13.625603,16.261963,12.674523,11.095509,11.897699,10.785057,9.967272,8.342535,10.874527,5.621321,13.173637,10.052032,22.146877,20.413568,17.365694,31.888577,33.069233,19.490532,13.244633,23.113899,22.035734,21.467077,10.546412,31.933439,37.484089,30.402517,15.814277,25.728348,21.418030,11.298499,9.402853,6.361211,3.978800,10.524729,16.960028,12.260232,9.918662,8.217347,19.761890,24.843046,11.562784,13.570127,7.674716,10.177460,5.831103,6.507062,3.491843,16.451366,7.226017,9.964980,8.691048,1.105429,7.654374,8.634168,7.985424,20.344730,18.590143,-7.273457,3.473771,2.190687,4.824242,6.661320,8.636972,-0.881683,10.042307,14.084347,14.743235,8.290452,6.181848,9.674231,16.246105,19.214527,13.783928,24.524509,30.238638,24.579657,9.663340,16.455496,12.380095,10.806168,13.015895,21.052303,30.445835,27.559700,12.383053,18.928738,13.309938,12.594240,14.979631,15.139485,26.802086,27.511169,17.747774,14.214561,20.732176,14.354221,21.112406,30.376604,26.453018,-7.390351,17.662655,18.093021,8.044124,4.024276,10.873194,12.002126,-2.951207,0.741598,8.915304,16.274654,14.557098,12.670218,13.089167,22.687502,26.238554,20.018976,12.256513,13.782898,12.723234,11.982124,3.175629,2.486382,10.366755,9.795695,14.458390,12.397451,0.821938,11.140088,9.607161,12.087147,8.883220,-0.663383,22.140753,22.369522,12.704594,18.055630,17.153374,15.493399,16.763514,15.431740,25.498619,27.694901,19.248468,14.231820,12.270802,20.652210,21.970388,11.121100,28.556404,35.250694,28.917894,13.682444,23.021454,18.687675,15.456167,22.231092,23.436172,24.136871,21.920835,11.755185,12.504312,16.882187,13.188853,23.484196,25.770189,13.569312,12.265973,17.197319,18.100271,15.509914,12.636537,20.115471,26.319130,23.118612,13.250422,10.835827,8.428478,2.849922,2.775272,-3.588991,-3.978281,6.927273,8.894772,11.464443,12.710314,6.452620,4.250210,8.956412,-3.276079,5.834508,16.337353,20.556267,12.655390,7.902761,10.619407,4.936630,10.746376,7.563428,8.239369,19.258015,15.139618,11.842640,18.717432,13.016080,4.728827,4.892999,-1.679790,18.605673,19.700478,10.296464,-3.108876,8.201450,16.393044,13.764999,7.461424,23.234922,25.852615,14.480668,17.972733
[0;32mI (7800) ANALISIS_ESPECTRO: Frame exportado | t=7.14 s | pico=1953.1 Hz | 50.6 dB[0m
SPECTRUM_FRAME,8.162507,1953.125000,50.536289,hann,512,90.108643,84.098961,38.510139,47.204330,43.648743,32.648193,37.476219,35.014416,27.809967,20.237949,32.343155,26.315971,24.546803,26.999807,23.138157,25.925701,28.603413,20.163565,9.903321,10.863411,-1.628850,12.500732,15.010698,20.173496,17.605976,17.231346,11.577512,5.455355,6.548485,-4.922391,10.008807,14.535617,8.628654,7.182368,14.178338,20.446405,18.640263,8.031319,20.076220,21.917746,14.433346,19.257093,26.129124,20.618296,11.228232,20.016825,21.896618,21.153543,22.327473,16.363901,17.655968,12.130114,9.371504,15.875663,21.989285,28.201008,26.328247,23.340622,36.811935,35.770897,24.008410,25.135147,26.291227,34.250034,35.238029,28.529915,40.827408,43.824608,34.155800,30.912144,34.826515,29.478153,23.558729,26.568645,22.581461,20.057270,19.322617,20.796244,13.611172,14.993334,15.103422,7.655714,13.789859,21.623474,21.430481,15.273775,16.606098,16.279139,11.210382,12.577417,18.257767,11.827260,11.906862,13.991974,13.819862,6.678705,8.488942,15.993749,15.985191,7.020914,13.186411,18.807474,18.737854,14.071304,12.301703,17.327591,19.551798,17.856623,3.638419,21.245489,14.381922,12.914577,6.406551,16.783092,17.640171,19.733290,27.634861,33.320087,23.940065,23.918694,11.923836,33.491211,39.462818,31.160887,42.917603,50.536289,46.091621,31.435486,38.812157,36.565758,21.024914,21.042503,23.646822,27.623377,26.754589,25.247667,12.034122,11.512490,20.279270,24.983072,28.428764,27.802876,22.550592,17.941778,17.995028,15.425657,12.042200,18.511684,8.609372,8.331195,8.794394,-4.394836,14.365011,11.782646,0.550049,8.798853,15.319683,11.084810,5.289574,12.398178,21.076975,20.874681,14.128988,12.515086,17.143724,16.991262,2.673047,13.494415,1.907734,11.056466,14.940138,-1.489863,14.660824,13.365954,13.061316,25.512711,24.118382,21.414780,8.392974,7.213873,26.904022,25.182898,22.177122,35.206726,35.264343,16.867365,16.731035,24.995728,22.337225,25.262339,18.589775,34.681534,38.658958,29.969193,19.570982,23.529495,16.647327,17.103867,28.077297,25.206680,6.210355,-4.696754,-10.634405,13.665764,9.567500,10.949301,14.233849,8.994268,8.202578,6.631680,11.137245,11.712060,7.961164,11.947383,13.132716,8.597070,4.407834,0.854199,13.393794,15.977078,11.776012,-0.161336,3.804119,14.701578,10.847835,-1.178306,5.608343,10.232912,11.962517,9.849195,7.613778,9.775683,5.732900,13.392720,18.321775,10.895318,6.264820,7.135515,15.821207,19.193453,8.975692,16.866318,23.083475,21.122032,20.619287,19.506304,22.009312,26.014938,17.035898,28.885290,39.087524,36.185471,18.409466,26.490002,25.809851,14.866037,20.348782,20.702650,25.387020,27.419033,8.197029,13.248348,19.046585,10.981746,13.503950,20.531816,7.564566,15.033741,17.048248,13.980584,4.059473,3.114140,12.901937,21.471226,21.611599,16.542509,15.330342,16.063511,14.211992,-2.113371,11.647483,19.188293,19.015919,12.176785,0.404465,15.719114,13.002848,-0.211121,9.861650,16.599743,16.832163,10.658202,4.612074,10.513237,3.969083,5.094664,9.635690,13.933053,13.507130,7.407408,9.047457,7.636775,13.620693,8.828059,14.733662,25.483273,22.645922,16.701893,32.135269,34.052017,24.379082,19.281527,23.884510,23.884850,26.517593,23.490711,32.670822,37.742840,32.041538,22.188366,26.393679,21.481529,5.587259,8.758940,7.211854,10.378687,17.533949,17.622591,13.848620,14.071648,16.057724,22.902449,24.876776,15.914584,-3.054442,9.798663,6.522024,-15.135305,11.178441,16.678341,17.193907,12.649801,5.905027,7.189613,12.289106,-0.488930,-0.296104,15.041562,22.307106,19.389032,2.097993,8.394453,12.817311,9.414495,12.330121,14.440405,14.456728,15.204915,6.278977,16.420540,2.395175,12.076077,7.340545,16.958391,20.639212,3.721596,20.907639,30.025320,24.897367,11.071792,18.762722,17.929579,16.332180,12.965417,16.015049,29.412075,29.279171,21.230072,12.749655,1.423028,15.924312,12.429367,12.726877,26.371031,29.358416,20.765289,14.952426,20.463236,14.626245,25.498787,31.836435,27.251434,16.555056,19.969589,16.436419,11.283573,11.572792,10.222992,15.263918,11.485127,1.902967,-1.069480,5.177063,3.116268,12.167635,9.709542,23.226757,25.639696,12.556342,-4.846591,6.595516,6.975737,12.614639,7.775143,12.989989,17.510822,3.278534,12.331935,9.955634,8.122015,-1.428234,10.452724,14.764288,6.039927,11.580258,23.111525,23.409388,16.265997,9.992937,13.594313,15.597767,11.586744,10.932994,24.422178,27.358768,19.402756,13.815586,13.771955,19.390425,23.119108,19.328526,29.616226,35.723686,30.695965,19.956568,25.353233,21.931658,14.507346,23.329580,22.093706,20.467718,19.366604,8.277161,12.905754,15.872772,14.902571,24.337749,24.690845,13.143995,12.092833,10.894793,-5.320874,7.372750,-2.545817,19.570791,26.885704,22.128155,1.258528,3.163487,10.042715,11.272852,9.896477,2.153712,11.288604,12.835069,3.218410,14.023414,12.505011,10.753696,12.338831,5.160640,9.011842,0.766396,14.880258,19.286264,17.175034,7.182548,6.398921,9.365105,17.135309,3.657538,10.375428,16.722549,14.698799,5.747137,8.355038,14.307400,15.763304,15.338153,13.305351,19.901636,21.031193,7.074471,-1.573606,1.187162,15.421751,19.525206,15.522355,24.337776,27.484190,18.338823,13.986965
[0;32mI (8820) ANALISIS_ESPECTRO: Frame exportado | t=8.16 s | pico=1953.1 Hz | 50.5 dB[0m
SPECTRUM_FRAME,9.184876,1953.125000,50.992828,hann,512,90.125420,84.121819,36.558155,45.935387,41.904064,24.548069,36.119141,36.739796,31.332916,32.973053,33.055988,16.961666,19.052071,24.626659,9.290298,23.628456,29.005463,21.860943,18.273689,17.431536,-2.563196,19.500385,20.963379,17.592209,20.742971,25.232765,26.663719,22.667730,19.975327,27.884436,21.998280,22.120289,29.901966,27.320063,27.752205,30.245056,21.193560,21.519314,20.542173,9.115114,23.523754,26.002823,21.737972,19.013523,18.815914,17.200464,12.014484,-0.439087,18.817888,20.780191,15.879478,22.068947,22.150862,10.524115,22.070610,25.745037,13.190669,27.947054,35.594555,33.915932,27.615641,23.934603,17.035473,32.703529,32.583500,17.846632,39.886265,41.629147,29.715736,23.696056,30.871986,17.591135,5.553187,20.740995,17.590412,17.221264,21.109131,17.246984,11.441011,17.295874,17.678146,18.116241,17.107731,16.304741,19.311401,15.966387,18.915731,22.012033,19.703785,12.288063,23.664589,25.484627,24.740240,28.692007,23.238497,15.765846,19.788115,11.096684,20.590542,24.083483,16.198399,12.838579,16.963676,8.959199,0.958319,3.517678,12.565541,-0.341603,16.206854,20.541340,18.545893,16.390181,17.621326,16.213802,14.249483,22.590483,26.936317,29.896946,28.387295,28.413017,22.748480,34.561989,39.286705,32.935509,43.834061,50.992828,45.975719,30.300734,39.084137,37.001678,24.138149,28.247406,29.043739,28.079355,29.592834,25.660536,19.916233,18.715321,16.757568,-1.100555,17.583820,23.919546,18.410851,15.164889,19.507023,14.400991,14.057632,20.012682,13.336996,17.909084,24.001842,27.701382,22.553043,17.127682,20.354860,17.457691,16.798933,27.108480,26.518782,26.462595,26.282043,6.836776,18.356241,15.187354,13.287731,-11.015841,13.663008,18.598858,15.101482,11.786297,14.531623,10.317203,13.062488,14.121401,13.997836,22.766695,20.554991,15.658031,13.079353,20.720205,27.159624,25.248873,24.173477,37.079292,36.643707,24.824669,26.344748,28.157043,18.837086,20.668118,24.616201,35.412781,37.579247,28.651133,16.146643,19.903442,12.462150,7.536331,21.832645,18.836575,-1.439213,6.449451,7.373287,1.940966,9.356983,11.103812,5.362352,9.554426,13.366333,15.475830,18.765753,11.419605,2.990561,12.678551,17.825403,22.960716,22.773006,21.101337,28.554869,21.977655,3.092175,18.099247,18.846094,12.582264,23.741776,19.935238,11.379642,8.547350,1.574999,-5.491817,14.195652,16.792955,15.434784,12.831728,6.100955,13.279344,11.735774,10.061811,19.975576,19.353691,4.597183,22.935242,27.039621,16.189653,5.394598,16.310452,21.873386,26.531769,17.926758,27.474186,35.731586,31.859089,11.061464,25.216494,24.887787,20.400133,18.499582,23.858881,28.132048,26.873360,18.126804,15.931446,12.231627,9.071399,8.795441,20.458599,17.101280,8.327579,2.569174,1.570486,15.651851,14.768950,2.029932,17.324406,21.311966,8.118554,22.813656,21.620174,8.024904,11.980400,6.259926,11.144205,22.652004,21.697142,17.521099,20.147064,12.070953,10.707756,13.331491,-7.167106,12.554428,13.355286,8.735826,2.515500,8.348249,6.063834,7.927658,4.287853,11.933255,17.158625,18.624329,13.477191,9.138246,-0.898198,15.574886,22.291023,17.601648,5.189482,23.246563,23.002621,15.266035,22.389015,21.983067,21.386072,25.316641,18.353851,32.146610,37.142433,28.470352,8.264572,22.491699,17.855785,6.650701,12.008261,-0.270276,11.690741,17.299152,13.182115,13.581019,18.422861,9.436838,19.178661,22.417778,14.585905,13.379601,16.617460,12.691236,16.638107,9.557922,12.836443,22.852451,22.654121,-1.163017,10.208836,9.471521,12.690120,9.992004,10.405310,20.513571,24.485008,20.609104,18.867411,16.265356,9.595450,6.091567,11.977454,10.640121,1.938743,14.653265,6.842866,9.700049,8.279985,0.239002,8.251802,11.326017,12.628281,18.223202,21.063301,14.879196,11.928029,18.116882,16.291119,14.566833,14.211884,25.346645,32.585678,29.459049,11.166283,9.723092,11.845900,15.556234,19.109732,16.621220,24.918316,24.565475,2.273893,7.298225,2.418778,7.387222,12.398130,23.653166,23.254473,19.896286,21.051163,17.892036,10.367937,13.434310,14.866347,5.212249,15.552392,17.553785,18.376373,14.276739,14.423923,13.196718,12.009049,14.337665,17.730337,10.117907,20.981762,23.278143,9.865504,13.633094,14.113942,7.720495,16.253304,15.720211,4.318366,3.755687,13.669429,5.143287,3.190092,20.228365,20.019682,16.791027,20.909103,15.276722,6.625596,-6.107749,5.853630,10.364988,14.391951,17.987734,28.513054,29.632570,21.767015,18.092766,20.657421,20.699135,20.400312,19.249313,27.553352,31.110590,24.855133,13.590545,22.281307,18.689758,10.018816,16.807211,20.762955,15.021263,13.071890,2.313476,6.156075,16.062046,14.752065,17.645794,25.305210,16.282070,14.612255,15.451641,12.511776,16.739542,18.465908,12.371100,11.302152,4.910440,11.630026,16.188072,17.980192,16.780546,15.368766,14.789867,13.288866,18.221956,18.365004,11.981436,11.786557,1.439301,10.088657,4.379551,10.868027,16.472452,17.541254,11.611234,11.266680,11.154230,-12.679357,11.969904,17.634031,16.040302,17.999065,22.503010,18.165604,13.448294,16.755140,14.981682,18.240202,16.222752,12.731980,13.931645,16.216888,8.378719,12.022109,6.121512,13.122993,14.409264,1.583286,25.883305,27.558956,18.788300,5.849731
[0;32mI (9850) ANALISIS_ESPECTRO: Frame exportado | t=9.18 s | pico=1953.1 Hz | 51.0 dB[0m
SPECTRUM_FRAME,10.207227,1953.125000,50.798382,hann,512,90.131882,84.123528,38.353298,45.633312,41.990021,21.138222,35.821938,35.138947,25.796158,30.339434,32.917854,19.662323,25.849205,27.801666,17.901630,26.146868,29.202719,23.513580,14.091329,20.341150,10.127674,8.225250,14.519607,20.395231,16.428028,15.446056,20.316381,22.461588,12.701508,14.225627,14.178037,16.302917,26.275967,22.285934,23.098232,25.985987,21.318357,11.432570,22.052235,22.461952,19.932869,16.639751,14.235361,14.848246,10.444693,0.857143,-7.158678,15.393301,21.838503,16.035988,17.693466,24.204739,23.369671,9.639421,22.555107,26.481237,21.861084,24.847021,34.908833,32.444427,28.110731,29.169395,18.363531,32.535751,32.966972,14.339238,40.209942,42.188843,31.379242,24.754391,31.002720,20.447176,15.164055,22.324066,22.923019,12.585611,19.954330,22.848310,16.035444,17.411404,19.400066,3.785805,18.067795,20.807524,22.708801,20.428314,13.085632,17.042967,13.074235,-0.978389,22.993523,25.388084,24.385792,26.410927,20.273827,16.284527,20.271795,14.498886,17.742104,24.563511,18.245174,11.527905,21.174217,20.589428,6.584799,19.363091,20.064009,13.345510,17.238453,23.842051,19.444229,13.049496,18.719810,7.764068,22.182629,26.288242,12.405699,27.903921,27.733862,25.569727,14.764994,35.045353,39.547989,33.902271,43.298386,50.798382,46.386429,30.104828,38.919926,36.836399,25.582577,28.709431,28.142975,25.452000,28.507133,25.181000,20.027584,12.650076,19.370214,11.558722,18.493088,22.070469,18.892887,19.628286,22.665960,17.292545,9.314263,-0.372273,19.195988,21.369389,17.820133,23.305450,22.210255,7.900657,12.165834,11.799293,14.345885,26.117756,23.995579,18.910170,20.999376,11.774309,10.485946,10.140497,7.066485,8.614205,14.866653,18.400169,16.018436,11.801426,13.660343,9.575361,16.598152,22.131699,16.934031,13.828603,16.812176,13.896214,11.548206,21.043430,28.341188,26.685152,24.158073,37.303764,37.331314,25.130039,26.024141,26.385443,23.269255,25.312363,23.488914,33.615952,36.703262,27.808294,18.999365,19.765343,11.197375,7.141262,18.733656,12.904665,17.550993,23.389439,16.677982,15.733743,15.960647,7.597022,9.237522,19.143217,16.854042,15.024015,18.945091,7.467752,7.212632,-2.216826,14.551530,18.096809,15.152675,22.572384,28.692802,24.355694,4.866080,17.133438,11.836481,17.344398,24.261171,18.167770,9.619504,15.144515,6.416088,3.634201,9.297830,11.558289,-0.024651,13.552036,16.337971,-2.331975,6.754999,10.289503,16.826393,21.111795,14.893923,24.053062,29.577789,21.692593,14.771433,20.464640,19.306244,23.323496,11.096045,24.655458,34.864220,32.060898,18.564627,21.414291,22.683060,17.172665,13.910183,19.959919,26.407982,27.345753,20.329464,15.232065,15.358792,9.977779,15.019908,18.260992,14.847980,6.143703,15.143839,13.553576,10.563822,5.724863,11.823052,10.968592,12.306864,16.416489,25.126652,24.609169,14.717879,13.127254,14.733285,11.267892,21.045961,21.688995,10.778127,19.577545,14.150286,10.410282,11.081873,10.017653,3.154964,11.819358,-2.994483,8.783095,16.994358,16.201469,12.318048,0.823532,3.684196,10.360548,15.878037,3.496540,16.878244,14.318508,5.092208,21.415712,20.329344,6.541667,22.350506,24.366756,18.389952,23.448727,20.336054,22.380486,26.975554,19.860817,32.869091,37.823170,30.873108,9.440371,22.420567,18.924965,12.600506,21.054174,20.054485,2.104410,9.859987,14.591047,11.650417,12.914335,17.180082,13.879091,9.479412,8.330839,15.311633,21.927092,15.672001,9.391221,7.599634,3.111133,18.138653,21.393707,14.235237,7.103126,2.704551,12.627895,13.347472,13.581001,19.579031,23.195860,19.413950,8.430876,12.123753,14.793943,9.235507,-3.965605,4.916236,15.258790,18.113277,14.283906,4.104186,10.482049,6.775795,16.551212,21.345625,13.955048,0.268914,9.072838,-2.438239,13.801675,19.746574,18.599360,16.815485,13.569304,19.744059,29.752914,27.832016,14.081644,13.229002,15.150786,12.635876,11.742994,4.980870,20.763863,23.409706,15.190076,14.240479,16.096880,12.560274,7.996215,17.048580,11.031318,4.474412,10.297762,15.998225,9.045766,7.756228,10.314402,15.286275,22.385157,20.277103,11.629687,8.940674,10.900576,13.382967,10.629530,6.917090,12.254915,12.609916,17.524761,24.502249,17.390417,-22.120377,9.913868,8.335198,10.222008,16.868740,13.662162,13.203479,8.945034,12.602718,12.495398,13.058708,16.876600,15.266847,15.143219,12.769041,4.931124,8.324908,12.181677,14.075274,12.901593,13.167301,26.049610,28.619738,21.827486,17.154133,7.358527,22.457184,25.489048,19.594349,18.135506,25.320051,22.074348,13.467149,15.985507,16.213762,12.996614,6.025591,14.512225,18.805367,17.376745,12.521791,-1.576205,10.182438,6.903374,20.870514,27.561739,22.541342,15.567162,19.764473,9.669100,14.452019,14.826986,10.095287,16.827997,12.829417,1.366671,4.034165,9.310078,4.206092,3.554508,3.208790,17.546974,24.094780,18.785551,10.823856,14.756709,11.665539,13.731760,11.537546,3.983054,6.742785,16.070992,10.674953,-0.363263,6.117821,2.042267,5.622437,11.630455,5.745930,18.209494,25.311460,21.557240,11.275038,17.063028,17.410870,19.587610,19.602703,8.598999,14.636487,16.083994,14.771776,10.083403,6.573542,14.051184,13.193398,-3.671987,23.830971,27.677374,22.491852,15.251638
[0;32mI (10870) ANALISIS_ESPECTRO: Frame exportado | t=10.21 s | pico=1953.1 Hz | 50.8 dB[0m
SPECTRUM_FRAME,11.229591,1953.125000,47.641098,hann,512,90.194489,84.161926,38.481537,33.307930,31.549814,29.993105,27.711861,27.365238,26.588507,20.072660,16.693142,10.573779,10.549822,16.309048,17.988070,15.871159,3.265707,10.246248,7.666907,6.057865,16.105400,18.246780,14.862186,14.212271,18.887798,22.671507,24.274702,20.223143,11.013221,10.059483,10.755239,23.096153,28.132193,28.778767,27.584534,24.920544,20.997852,13.687374,11.908035,19.283808,19.915493,14.736721,12.836330,13.406869,12.986868,9.441732,7.295017,6.922878,5.322961,16.163546,21.833748,20.651100,11.814276,8.569507,15.881108,18.328512,17.655308,27.552767,34.204964,33.749199,26.056803,18.326750,13.029327,13.553642,18.028296,27.488546,38.111694,40.369110,36.407391,27.351570,23.420303,21.534815,19.717766,15.741432,19.539066,22.760008,18.072546,8.745249,13.536786,13.586226,13.386246,13.019880,9.041258,0.880616,14.706502,18.043592,16.208961,12.750941,10.624146,18.236341,23.241085,24.581940,24.816814,26.185802,23.249603,13.628719,5.620244,10.305470,22.008141,25.853710,24.508631,20.948065,14.578232,8.047373,15.458650,14.187541,10.122189,-4.123873,-3.752885,4.526219,13.121434,14.910145,14.761986,15.370665,13.598776,17.112595,23.278198,27.194651,26.518490,23.905390,25.594273,27.716036,29.315985,32.651714,43.932831,47.641098,45.429024,36.708138,29.079950,26.895451,26.274719,25.060516,26.210705,25.007927,23.480125,20.573423,14.868563,11.913047,11.306926,11.601974,4.535569,7.395710,14.396765,14.162111,-1.021584,12.721489,15.942578,11.554885,10.765166,17.098537,15.996241,14.747761,12.565536,9.752542,10.676880,9.389443,18.667507,24.082458,25.437248,25.413578,24.055071,18.503487,3.245947,7.561343,11.752611,11.600269,13.182794,13.859758,11.368169,10.300408,13.399507,15.993795,15.311328,6.773588,12.497194,16.196554,12.606982,5.672725,9.305381,11.646881,9.917407,8.456136,27.448694,34.403343,35.255047,30.032784,19.496368,18.800295,18.139227,21.642229,24.016430,32.797913,34.856270,30.517231,19.963749,16.723392,9.995799,6.886522,7.352906,9.133428,10.605201,5.329762,3.382395,7.576959,7.569746,6.804036,10.803907,14.814432,13.963282,13.954402,16.436298,14.971104,10.684556,10.364130,14.658709,16.453236,10.585268,19.164625,23.588926,21.440084,12.890823,-1.235183,7.686448,16.652859,18.868689,17.495449,13.401994,5.014444,1.752147,7.851956,7.354825,9.064867,14.412739,15.622491,13.515080,6.416143,4.570950,6.996778,10.944052,15.201704,17.957779,25.005617,26.580791,23.386974,16.026588,13.650598,13.976959,18.259146,21.236523,29.317816,32.932304,30.790485,21.941881,14.475222,9.441383,4.102437,10.746407,15.855045,21.618858,21.859119,15.445776,0.371753,11.053809,13.140750,15.261251,14.829582,11.814322,7.927517,7.520313,8.497236,8.347816,10.808345,11.636637,9.278709,-2.309397,14.145045,20.387894,19.767344,12.350868,-1.200774,2.840701,11.187886,18.037796,21.104448,20.278305,14.037137,8.760970,11.616390,7.362113,12.281693,13.830552,3.330389,5.809062,6.446043,-11.657243,3.988850,7.683043,8.359889,8.429660,16.871836,20.060968,18.164963,10.304064,-2.943572,6.062910,14.042908,15.241514,16.771923,22.018167,22.492800,17.044744,1.068572,6.687577,12.099842,14.890776,23.638000,31.614040,33.723835,30.676775,22.133240,17.482727,16.520050,15.545937,17.086567,16.604784,10.169447,3.544726,8.091460,6.553499,7.962383,10.051926,0.452836,6.592069,11.217703,16.145426,18.151274,16.365978,13.796544,15.037824,17.766167,20.024183,19.540573,14.380836,-3.731156,5.313290,4.208096,2.183204,1.877345,14.940715,19.353085,20.269131,19.079805,13.174444,-1.292474,7.224671,-4.420650,8.928675,13.136616,13.377773,12.176792,7.947783,-7.174377,8.904104,14.077787,14.615925,8.503772,7.858474,13.232522,5.884667,10.962214,13.995486,8.061028,9.385247,11.364945,21.760967,27.528875,27.211361,21.249407,14.833770,10.589051,5.346870,14.087105,19.503071,22.599819,21.959045,16.407600,4.417210,3.463988,6.610202,11.123324,14.461239,15.524261,14.016638,11.849898,9.495393,7.114156,2.270145,-5.995103,11.908607,16.109484,15.060760,11.448847,7.800839,-0.680361,0.036755,6.349095,7.533584,3.961182,11.346545,20.136822,22.572651,20.102318,14.135283,9.805631,11.296547,14.623829,12.308586,8.314713,7.697977,2.429348,5.531534,14.037814,18.692083,19.223549,14.843201,7.255365,2.634029,5.006215,10.343039,12.377014,13.297312,5.383634,15.040319,24.155436,25.860344,21.611719,9.806383,2.028997,5.728372,14.527899,13.684458,18.793543,23.190918,21.201675,13.067409,9.412655,7.535657,1.673155,10.575017,15.138315,15.773630,13.272873,12.477575,12.875996,14.144960,16.651419,22.815617,25.052588,22.314590,13.526613,6.683389,7.421043,-1.731750,-4.890644,3.701347,11.386996,12.764636,12.459404,11.097784,4.683502,-0.749242,7.857301,14.555689,20.731344,22.281300,19.582474,13.947887,10.040469,6.158373,-7.284960,-0.719160,3.789833,8.709446,13.161055,12.984133,3.433800,3.902819,5.283651,-4.609928,9.034284,6.231733,18.010798,21.987354,20.466667,15.664080,13.531570,10.250033,3.550252,12.310564,15.458331,15.561804,12.528265,5.172670,2.618918,6.297907,4.166903,12.360240,17.340158,22.434874,23.488855,19.781872,11.156993
[0;32mI (11890) ANALISIS_ESPECTRO: Frame exportado | t=11.23 s | pico=1953.1 Hz | 47.6 dB[0m
SPECTRUM_FRAME,12.251952,78.125000,5.234262,hann,512,90.300293,84.292526,21.029213,11.416174,5.360780,5.234262,-0.069368,-6.197186,-0.961596,-3.100621,-12.995897,-4.282060,-4.543962,-15.714359,-8.566631,-5.950942,-7.709681,-9.557225,-6.626080,-9.383847,-7.380373,-4.348287,-6.261463,-6.869550,-7.838705,-3.412563,-6.754526,-3.247767,-7.354555,-3.942575,-6.691525,-2.194594,-5.731723,-5.041390,-7.245698,-3.957682,-5.839685,-5.299313,-7.893034,-6.922303,-8.045803,-4.933291,-8.741746,-7.146092,-13.806536,-6.353865,-11.311628,-5.815648,-10.011637,-7.998334,-9.428322,-5.522562,-5.591929,-7.129793,-6.235755,-7.177550,-4.931663,-5.539097,-4.336743,-6.923209,-5.646689,-4.632292,-4.102069,-4.943589,-6.397142,-5.850325,-5.958949,-5.188771,-5.783659,-8.668166,-7.340067,-7.933291,-5.218583,-10.503210,-6.779379,-15.003088,-7.062171,-11.153593,-6.285560,-10.693125,-8.789073,-9.498311,-6.192370,-6.502290,-6.596853,-8.286627,-6.720284,-6.629662,-4.486486,-6.948108,-5.552840,-8.118135,-3.857994,-6.086036,-4.367477,-8.373370,-5.723746,-7.097988,-5.402388,-6.855813,-9.429506,-8.306579,-8.603165,-6.410268,-10.174122,-8.757704,-13.667494,-9.087595,-9.810419,-8.117750,-10.649105,-9.968630,-10.012438,-6.565331,-7.854332,-6.220790,-11.063536,-6.038497,-8.919676,-4.197938,-9.417821,-5.400882,-10.525700,-4.148072,-7.406552,-5.174648,-9.882569,-6.748643,-8.285162,-6.625319,-8.633077,-10.270218,-10.986843,-8.775728,-8.961550,-9.026522,-12.672929,-11.210945,-12.752357,-8.758141,-9.556854,-10.922770,-10.609056,-10.442648,-6.771765,-9.425639,-6.433815,-13.223973,-6.610780,-10.379418,-5.125625,-10.706329,-7.035730,-11.014278,-5.813617,-8.102427,-7.116306,-10.984544,-8.945019,-9.397104,-7.733358,-11.525292,-10.449691,-14.654135,-8.416245,-12.709883,-8.381328,-17.233089,-10.590651,-16.023081,-8.951406,-10.503173,-12.256080,-11.473972,-11.603484,-7.878364,-10.500736,-8.202604,-13.838973,-8.950203,-10.111544,-7.748459,-10.579830,-10.415567,-10.293091,-8.707738,-8.409022,-9.294983,-11.742189,-11.088377,-10.316768,-8.557462,-14.857185,-10.828744,-17.927742,-9.061776,-15.538116,-9.477472,-19.295015,-12.412245,-16.732391,-11.031257,-11.970957,-14.536780,-14.307796,-13.260650,-10.340635,-10.566519,-12.220276,-12.932577,-13.465494,-9.446357,-11.867435,-10.471250,-14.850139,-10.144649,-11.576597,-9.309823,-11.065716,-13.094301,-12.971294,-11.991217,-10.212530,-17.902699,-13.469164,-20.352880,-11.679564,-15.233702,-13.043568,-18.834879,-17.452700,-15.865110,-14.425055,-14.488108,-15.629738,-19.187449,-13.740213,-14.253099,-10.450500,-19.034693,-12.712133,-20.498890,-9.872911,-15.919100,-12.040531,-18.140026,-11.778337,-13.881517,-11.794699,-13.545996,-16.569630,-16.255186,-14.810468,-13.931360,-18.506439,-20.750572,-19.176863,-17.544283,-13.854843,-18.951323,-17.981308,-26.877365,-15.094212,-16.631720,-18.177452,-15.689562,-23.314651,-14.390260,-19.296961,-11.679645,-27.288879,-14.957868,-26.865110,-12.419876,-18.491901,-16.773441,-22.240908,-16.394045,-16.285679,-15.780001,-18.548153,-21.940521,-19.394880,-16.708019,-21.071665,-17.122782,-31.879461,-17.805994,-28.461226,-14.021820,-21.854317,-19.310287,-29.345528,-16.264545,-18.123276,-25.067284,-18.388515,-26.037939,-17.198036,-24.122234,-15.700819,-27.888138,-21.320625,-25.112648,-18.647511,-20.742426,-26.896034,-27.263327,-26.215874,-18.079708,-18.089664,-24.862358,-22.662859,-18.477880,-17.586565,-28.485949,-18.594641,-21.911671,-19.798513,-55.711739,-17.368639,-22.851192,-24.672958,-35.384136,-20.431078,-21.466293,-38.371590,-29.360451,-29.577026,-22.151451,-24.007189,-26.389818,-28.310661,-25.301014,-21.366589,-39.512886,-22.776928,-21.744759,-22.250996,-28.105679,-19.481995,-19.087603,-23.867085,-26.187201,-18.835625,-20.991169,-28.836891,-28.345409,-22.841618,-24.419270,-32.743900,-27.675257,-27.143501,-24.886503,-24.370375,-26.726877,-23.514692,-25.523703,-24.695103,-32.904671,-22.048256,-23.737980,-27.262018,-29.050858,-20.471825,-19.344830,-27.124874,-23.211861,-20.429285,-19.363794,-31.521608,-22.269436,-24.941233,-23.012756,-31.272745,-22.371166,-24.066717,-31.822235,-24.168100,-29.323051,-20.640400,-26.237072,-26.769596,-28.536343,-21.442507,-19.580135,-29.480688,-21.139069,-27.070475,-18.615562,-32.674973,-20.193573,-25.551054,-21.708975,-23.207857,-20.700638,-18.189758,-27.857643,-20.596865,-23.883905,-18.175987,-29.171753,-24.457104,-30.937788,-23.431513,-19.712353,-28.795383,-19.187580,-41.685394,-17.783045,-29.804955,-18.386616,-24.184822,-23.102459,-23.478735,-23.219908,-17.873135,-29.958694,-19.205997,-30.252682,-17.152605,-22.299644,-20.516453,-22.413162,-22.536156,-18.833391,-23.666039,-17.476051,-27.327555,-18.511284,-21.973911,-18.333317,-20.020626,-24.838732,-19.948027,-26.566122,-16.570856,-28.973925,-17.381937,-28.857124,-17.099346,-21.608799,-19.837427,-21.130426,-26.747152,-19.409962,-26.668858,-17.385059,-22.608240,-18.456842,-20.832142,-17.956470,-18.034697,-22.837429,-19.002636,-26.772711,-17.443678,-22.241348,-17.969133,-20.176619,-18.868357,-17.319447,-20.491636,-16.833225,-28.377876,-17.335327,-29.316673,-16.801596,-21.989075,-18.536362,-19.870508,-19.642979,-17.293486,-24.080189,-17.851082,-29.738014,-17.658733,-21.891163,-18.104851,-18.625488,-19.623522,-17.245899,-20.790611,-16.705748,-24.871378,-17.995403,-23.354458,-18.563725,-18.371431,-20.297041,-16.639452,-21.893599,-15.519087,-24.085052,-16.293152,-26.258732,-17.879822,-21.502815,-19.755762,-17.908382,-22.145237,-16.254290,-23.838842,-15.759540,-24.388971,-16.849268,-22.244673,-18.771723,-18.842709,-20.995121,-17.012032,-22.332514
[0;32mI (12950) ANALISIS_ESPECTRO: Frame exportado | t=12.25 s | pico=78.1 Hz | 5.2 dB[0m
