Command: /home/yuusha1/esp/idf-tools/python_env/idf6.1_py3.12_env/bin/python /home/yuusha1/esp/idf/esp-idf/tools/idf_monitor.py -p /dev/ttyACM0 -b 115200 --toolchain-prefix xtensa-esp32s3-elf- --target esp32s3 --revision 0 /home/yuusha1/esp/projects/labs/Rep_SE_202601_grupo_Diego_Santiago_Chen/Lab_1/Ejercicio_5/analisis_espectro/build/analisis_espectro.elf /home/yuusha1/esp/projects/labs/Rep_SE_202601_grupo_Diego_Santiago_Chen/Lab_1/Ejercicio_5/analisis_espectro/build/bootloader/bootloader.elf -m '/home/yuusha1/esp/idf-tools/python_env/idf6.1_py3.12_env/bin/python' '/home/yuusha1/esp/idf/esp-idf/tools/idf.py' '-p' '/dev/ttyACM0'
[0;32mI (119) esp_image: segment 3: paddr=00036164 vaddr=3fc91e98 sizeESP-ROM:esp32s3-20210327[0m
Build:Mar 27 2021
rst:0x15 (USB_UART_CHIP_RESET),boot:0x8 (SPI_FAST_FLASH_BOOT)
Saved PC:0x4037957a
SPIWP:0xee
mode:DIO, clock div:1
load:0x3fce2820,len:0x14f0
load:0x403c8700,len:0xda0
load:0x403cb700,len:0x2f58
entry 0x403c8908
[0;32mI (24) boot: ESP-IDF v6.1-dev-2938-g12f36a021f 2nd stage bootloader[0m
[0;32mI (25) boot: compile time Apr  8 2026 14:27:53[0m
[0;32mI (25) boot: Multicore bootloader[0m
[0;32mI (26) boot: chip revision: v0.2[0m
[0;32mI (29) boot: efuse block revision: v1.4[0m
[0;32mI (33) boot.esp32s3: Boot SPI Speed : 80MHz[0m
[0;32mI (37) boot.esp32s3: SPI Mode       : DIO[0m
[0;32mI (40) boot.esp32s3: SPI Flash Size : 2MB[0m
[0;32mI (44) boot: Enabling RNG early entropy source...[0m
[0;32mI (49) boot: Partition Table:[0m
[0;32mI (51) boot: ## Label            Usage          Type ST Offset   Length[0m
[0;32mI (58) boot:  0 nvs              WiFi data        01 02 00009000 00006000[0m
[0;32mI (64) boot:  1 phy_init         RF data          01 01 0000f000 00001000[0m
[0;32mI (71) boot:  2 factory          factory app      00 00 00010000 00100000[0m
[0;32mI (77) boot: End of partition table[0m
[0;32mI (80) esp_image: segment 0: paddr=00010020 vaddr=3c020020 size=0f458h ( 62552) map[0m
[0;32mI (99) esp_image: segment 1: paddr=0001f480 vaddr=3fc91300 size=00b98h (  2968) load[0m
[0;32mI (100) esp_image: segment 2: paddr=00020020 vaddr=42000020 size=1613ch ( 90428) map[0m
[0;32mI (119) esp_image: segment 3: paddr=00036164 vaddr=3fc91e98 size=025e4h (  9700) load[0m
[0;32mI (122) esp_image: segment 4: paddr=00038750 vaddr=40374000 size=0d2e4h ( 53988) load[0m
[0;32mI (135) esp_image: segment 5: paddr=00045a3c vaddr=50000000 size=00024h (    36) load[0m
[0;32mI (141) boot: Loaded app from partition at offset 0x10000[0m
[0;32mI (141) boot: Disabling RNG early entropy source...[0m
[0;32mI (153) cpu_start: Multicore app[0m
[0;32mI (161) cpu_start: GPIO 44 and 43 are used as console UART I/O pins[0m
[0;32mI (162) cpu_start: Pro cpu start user code[0m
[0;32mI (162) cpu_start: cpu freq: 160000000 Hz[0m
[0;32mI (163) app_init: Application information:[0m
[0;32mI (167) app_init: Project name:     analisis_espectro[0m
[0;32mI (172) app_init: App version:      bc6dc7c-dirty[0m
[0;32mI (176) app_init: Compile time:     Apr  8 2026 14:27:56[0m
[0;32mI (181) app_init: ELF file SHA256:  6400cbd07...[0m
[0;32mI (186) app_init: ESP-IDF:          v6.1-dev-2938-g12f36a021f[0m
[0;32mI (191) efuse_init: Min chip rev:     v0.0[0m
[0;32mI (195) efuse_init: Max chip rev:     v0.99 [0m
[0;32mI (199) efuse_init: Chip rev:         v0.2[0m
[0;32mI (203) heap_init: Initializing. RAM available for dynamic allocation:[0m
[0;32mI (209) heap_init: At 3FC99690 len 00050080 (320 KiB): RAM[0m
[0;32mI (214) heap_init: At 3FCE9710 len 00005724 (21 KiB): RAM[0m
[0;32mI (219) heap_init: At 3FCF0000 len 00008000 (32 KiB): DRAM[0m
[0;32mI (225) heap_init: At 600FE000 len 00001FE8 (7 KiB): RTCRAM[0m
[0;32mI (231) spi_flash: detected chip: boya[0m
[0;32mI (233) spi_flash: flash io: dio[0m
[0;33mW (236) spi_flash: Detected size(16384k) larger than the size in the binary image header(2048k). Using the size in the binary image header.[0m
[0;32mI (249) sleep_gpio: Configure to isolate all GPIO pins in sleep state[0m
[0;32mI (255) sleep_gpio: Enable automatic switching of GPIO sleep configuration[0m
[0;32mI (262) main_task: Started on CPU0[0m
[0;32mI (272) main_task: Calling app_main()[0m
[0;32mI (272) ANALISIS_ESPECTRO: Inicializando analisis de espectro[0m
[0;32mI (272) ANALISIS_ESPECTRO: fs=16000 Hz, FFT=1024, periodo=10000 ms, export CSV por serial[0m
[0;32mI (292) main_task: Returned from app_main()[0m
SPECTRUM_CFG,16000,1024,512,15.625000,hann
SPECTRUM_FRAME,10.027850,421.875000,21.511812,hann,512,90.295670,84.287674,21.902340,24.009779,21.690540,-0.556583,21.179474,20.559969,11.890645,15.434572,19.112013,14.504940,10.387721,18.405094,13.958546,12.856978,17.229382,14.966208,12.478637,13.353098,17.823122,14.047941,3.587936,18.607946,19.364773,10.704266,17.717588,21.511812,17.681730,15.536818,21.204235,19.838661,11.446966,19.328854,19.073513,8.571810,15.465775,16.834814,8.717040,10.380839,14.745368,6.351745,12.373831,13.738327,5.867116,11.834915,14.226477,7.576123,4.164588,12.651630,9.323484,3.536425,3.858095,10.203052,9.831474,3.542836,8.566207,12.144213,10.014640,5.137820,12.017889,11.027136,2.351681,8.242492,10.282251,0.166269,3.497589,7.800622,2.975458,7.712162,9.295770,6.316976,9.056067,12.204534,9.500457,8.426600,12.084892,11.055033,7.580484,9.435557,9.774567,6.292793,5.297535,5.236685,3.196588,-1.164354,-1.997934,-2.759416,-10.293084,-12.385208,-9.055439,-5.626709,-5.902007,-4.821241,-2.720037,0.602631,0.864499,3.618502,4.794153,3.912759,6.795040,8.108461,5.566229,7.420029,9.352186,6.510764,6.668524,8.492513,6.052464,4.765650,6.663472,4.031467,0.449003,5.665731,2.330163,-4.883726,5.350958,1.973167,-3.502145,4.616006,0.735738,-5.005744,1.639818,-2.254067,-2.833998,-6.824747,-6.637125,1.917989,2.051519,-6.339111,4.115365,6.726265,-2.467974,4.072123,7.580264,-1.518582,1.543936,5.358239,-4.496626,-1.414709,0.652567,-9.215078,0.611757,4.918488,-0.501330,2.171932,8.819355,4.286153,1.321854,9.526449,5.805418,-3.052103,7.679138,4.464031,-6.297520,3.755996,1.063852,-0.903031,4.289506,1.724597,0.080637,7.614958,4.705049,-1.085193,7.861585,5.628051,-1.060483,4.722327,3.302901,0.401512,1.422033,-8.145923,1.856964,5.207859,0.179523,1.456236,7.900078,5.771387,-2.198206,8.085187,6.799997,-9.087389,5.239472,5.300553,-8.631430,-1.420358,1.377881,-6.977797,0.438256,0.384035,-8.295073,3.521703,3.968860,-12.922448,3.369903,4.391682,-9.748311,0.984599,1.810434,-8.648956,-1.885151,-0.304625,-11.890430,0.837138,1.470899,-7.520630,3.178891,2.934126,-4.549622,2.626279,2.292814,-5.192304,-0.791471,-1.984523,-11.810541,-5.904520,-9.125763,-10.844928,-3.331377,-2.269405,-1.532374,0.558022,0.291764,1.130435,1.948058,0.090336,0.728939,0.871871,-1.830036,-1.737902,-2.290767,-4.707701,-5.549659,-3.722952,-5.818921,-8.878958,-2.694707,-5.878582,-11.418325,-4.058929,-8.847054,-10.821636,-7.425943,-20.397741,-3.629694,-1.750553,-7.415466,0.299724,3.037801,-1.409670,1.480594,4.997869,1.222930,0.267300,4.781173,1.867625,-3.790381,2.494975,0.729314,-13.399866,-1.495923,-2.263019,-19.052670,-3.938535,-6.301591,-11.269712,-4.547839,-7.197398,-8.748022,-6.396546,-8.988018,-5.394493,-5.209323,-21.686823,-3.108213,-1.458359,-8.116726,-3.512213,0.639072,-2.137727,-6.755277,0.165195,0.102912,-8.349426,-3.566227,-0.391989,-5.224187,-10.716721,-4.522341,-4.115098,-8.409318,-16.301445,-6.760328,-5.110328,-8.152648,-17.751266,-5.336443,-4.075957,-11.016460,-10.054962,-3.887172,-6.910080,-16.207100,-7.575187,-7.470927,-12.967215,-16.816238,-12.444155,-12.981681,-12.539873,-18.545216,-10.136634,-11.979403,-8.835505,-7.342971,-17.289951,-7.080194,-5.106909,-14.687273,-9.004144,-5.179923,-6.917052,-9.272893,-10.169944,-4.620411,-5.881642,-21.431997,-6.438469,-3.281543,-9.381539,-9.790730,-2.727065,-4.638960,-7.051315,-4.696735,-2.687249,-3.875409,-9.531617,-3.803674,-3.057806,-17.270395,-6.407204,-5.955433,-29.766697,-7.248061,-10.644131,-21.684025,-9.850586,-6.672493,-13.217231,-11.094972,-6.140261,-9.542602,-11.217730,-8.066097,-8.705343,-14.693165,-11.851519,-10.152081,-7.098454,-18.574522,-12.813700,-4.907048,-6.912145,-14.208162,-5.981284,-4.966110,-16.583683,-6.338246,-8.095106,-17.379929,-8.024481,-10.516624,-11.280756,-8.012053,-9.031347,-9.405127,-3.813872,-6.158718,-10.456270,-3.603790,-3.092155,-10.894997,-7.229927,-3.493677,-9.209338,-12.279097,-8.490665,-8.111621,-28.152195,-17.439243,-9.481086,-11.601030,-21.374426,-14.640257,-7.707091,-15.245047,-16.099470,-10.162926,-11.475224,-14.923914,-8.891906,-15.331992,-18.019239,-6.029586,-9.635936,-15.016550,-6.653484,-5.742328,-11.327163,-7.600112,-6.517788,-9.837353,-9.317625,-9.213084,-10.648233,-15.513323,-12.342535,-13.698111,-14.241304,-20.035227,-15.932993,-12.530899,-13.891163,-14.261007,-14.795769,-12.699051,-11.645567,-15.935190,-18.131248,-12.265566,-14.803276,-27.698650,-18.925922,-14.665990,-25.905703,-28.232914,-20.531750,-18.170439,-26.456308,-20.578751,-20.408005,-27.397743,-15.835833,-20.670792,-28.086222,-18.294268,-13.194677,-19.644850,-21.639126,-12.458145,-11.261971,-15.517426,-14.082370,-9.337026,-9.929405,-13.364218,-10.479060,-8.331689,-10.557785,-12.036720,-9.824534,-9.715657,-13.582954,-11.307906,-12.232515,-16.368696,-12.995501,-14.506704,-21.670914,-18.358686,-15.069846,-22.261280,-21.568090,-19.393351,-19.464376,-23.475445,-21.763199,-24.172525,-16.600454,-27.982513,-28.535667,-14.797785,-13.809214,-21.610531,-16.931597,-10.775485,-13.980932,-17.175768,-10.583059,-12.203817,-23.076363,-8.822296,-14.096618,-24.456299,-9.300128,-11.040320,-19.570063,-11.082249,-9.716516,-30.000259,-9.970020,-11.024902,-19.598978,-12.306218,-10.116868,-20.793646,-14.322121,-11.758389,-19.765156,-12.290972,-15.106311
[0;32mI (10702) ANALISIS_ESPECTRO: Frame exportado | t=10.03 s | pico=421.9 Hz | 21.5 dB[0m
SPECTRUM_FRAME,20.059766,78.125000,2.516473,hann,512,90.300514,84.292633,20.583176,12.060176,6.599170,2.516473,-0.760716,-3.542681,-5.867831,-7.878233,-9.793771,-11.463116,-12.991495,-14.387815,-15.681945,-16.970020,-18.018770,-18.958767,-20.070293,-21.015335,-21.895210,-22.759592,-23.560455,-24.480484,-25.093941,-25.634056,-26.483639,-27.132723,-27.786190,-28.378025,-28.957155,-29.757710,-30.056372,-30.408316,-31.160479,-31.653603,-32.143997,-32.642498,-33.092304,-33.772205,-33.921391,-34.100746,-34.858086,-35.214050,-35.621880,-35.990231,-36.397606,-37.045780,-37.163654,-37.194733,-37.837524,-38.228531,-38.567444,-38.880943,-39.247070,-39.929825,-39.836590,-39.832569,-40.508369,-40.736290,-41.030052,-41.346592,-41.620449,-45.227169,-42.824623,-44.090141,-42.760773,-43.023304,-43.380730,-43.467869,-43.763458,-44.508865,-44.279205,-44.065582,-44.770016,-45.026711,-45.087746,-45.457916,-45.532074,-46.082359,-46.331245,-45.678440,-46.483349,-46.965466,-46.580650,-47.284008,-47.933537,-48.289764,-47.660618,-47.148506,-48.394566,-48.198616,-48.633034,-48.676910,-48.834911,-49.517635,-48.928699,-48.526989,-49.787086,-49.668137,-50.008907,-50.053310,-50.473145,-51.412186,-50.984634,-50.403221,-51.007095,-50.930714,-51.223263,-51.560600,-51.630653,-52.648582,-51.586899,-51.494370,-52.485985,-52.491245,-52.600330,-53.018230,-53.058926,-53.956192,-53.109962,-52.490997,-53.765697,-53.816929,-53.770363,-53.874454,-54.144432,-57.737862,-54.017223,-49.895920,-54.768871,-55.044922,-54.982967,-55.448257,-55.328362,-56.120270,-55.658516,-54.827271,-55.565735,-55.922157,-56.103802,-56.438438,-56.262123,-57.104801,-56.698303,-55.678726,-56.538887,-56.691811,-57.282692,-57.195595,-57.323349,-58.962460,-57.425240,-57.086769,-57.756840,-57.568436,-57.720982,-57.843891,-58.080864,-59.001701,-57.581562,-56.885078,-58.648033,-58.476341,-58.419132,-59.400009,-58.647697,-60.711990,-59.386333,-58.257545,-59.586693,-61.062653,-60.752621,-58.133553,-58.658775,-61.193253,-61.274982,-58.586231,-60.812187,-60.422863,-60.412033,-60.712147,-61.173927,-62.937622,-60.653015,-59.395027,-60.738289,-61.039116,-61.575462,-61.543194,-61.655548,-59.356758,-61.589539,-60.071747,-62.060562,-62.396885,-62.110275,-61.789070,-61.834255,-63.614151,-62.992023,-61.209015,-63.045212,-62.911053,-63.589607,-62.779892,-63.098598,-65.156960,-63.530636,-61.771221,-62.533920,-62.795784,-64.278404,-63.322899,-63.972797,-66.948151,-64.633507,-63.139706,-64.655525,-64.706795,-64.178017,-64.731232,-64.518188,-66.059532,-67.460754,-62.895714,-65.572136,-65.478668,-65.271370,-65.129234,-65.683945,-67.399689,-64.821587,-64.056404,-66.022804,-66.071327,-67.024590,-64.853386,-65.636017,-70.605637,-63.674198,-65.462204,-65.952370,-67.015335,-64.708138,-66.473259,-65.991432,-67.563385,-67.974991,-65.021812,-67.133255,-67.946045,-68.702621,-66.491714,-67.355911,-48.473099,-120.000000,-49.470894,-66.249268,-65.438553,-66.447792,-70.784897,-66.753677,-73.047974,-68.060066,-66.627525,-67.574524,-69.265717,-68.750435,-68.548950,-68.371605,-69.066315,-71.564758,-67.272957,-68.562073,-69.492081,-68.424850,-69.720108,-67.887787,-71.584549,-67.687401,-67.593010,-68.143600,-69.295258,-69.390244,-69.544060,-70.024078,-72.325371,-67.554359,-66.302406,-69.546219,-69.396675,-70.701744,-69.387711,-69.717491,-70.071953,-68.198936,-70.118492,-73.062050,-70.778465,-73.626846,-70.396606,-69.293610,-69.765236,-66.611595,-66.847977,-70.256653,-71.516129,-74.196960,-68.854477,-71.594231,-76.894928,-70.016975,-70.754784,-74.558563,-72.013260,-70.968071,-72.764854,-72.318024,-61.244621,-74.353539,-64.537117,-70.415710,-74.769188,-71.600090,-70.752213,-75.318085,-78.119774,-76.057594,-69.801834,-73.590179,-70.314323,-73.254463,-71.311615,-72.753067,-72.928757,-70.495544,-69.920998,-73.451797,-76.607300,-73.659035,-79.771347,-73.767189,-74.798286,-71.024353,-73.779129,-83.139420,-70.574608,-74.880386,-73.596107,-75.988251,-74.894348,-70.100342,-68.548782,-73.612869,-74.204185,-71.337997,-76.896126,-78.613655,-77.813805,-73.765297,-71.303627,-75.342171,-80.264908,-76.727119,-74.461952,-75.412361,-74.822433,-76.003563,-70.751526,-82.197693,-75.680367,-71.836624,-77.069099,-74.542549,-82.678131,-76.345818,-70.771423,-76.162971,-75.687683,-74.065407,-72.087746,-78.610725,-63.491817,-70.564865,-61.305527,-79.464867,-82.152481,-77.531830,-74.159332,-75.435959,-81.261963,-76.381004,-71.490776,-75.728043,-74.474007,-81.925766,-78.125549,-75.973976,-80.568657,-74.438904,-72.116478,-78.076012,-77.555840,-79.667885,-85.906250,-80.011246,-84.446594,-79.903122,-76.182259,-77.614708,-82.457977,-85.820831,-78.778961,-89.110558,-72.655952,-80.392929,-71.622032,-74.312920,-77.887474,-79.392471,-86.691315,-83.014946,-89.433678,-90.296005,-75.729446,-79.132111,-81.982201,-77.033623,-81.058281,-84.586777,-104.124565,-80.914543,-75.386375,-76.359360,-80.401947,-79.011963,-81.566994,-81.924911,-82.346260,-89.552849,-78.096146,-88.278152,-84.450500,-81.248741,-80.683762,-86.660233,-63.019714,-68.731552,-68.788689,-86.869873,-83.353027,-95.490944,-79.845764,-91.889343,-81.780281,-93.256912,-76.165268,-78.701622,-84.321808,-87.529305,-79.201675,-85.742508,-84.130028,-72.674171,-90.287979,-74.736229,-69.006950,-64.870171,-63.823662,-64.619919,-69.306557,-82.332123,-77.131241,-87.092728,-77.223717,-78.926781,-87.706787,-82.642662,-70.940765,-76.102768,-68.976212,-92.641106,-79.990852,-88.531219,-80.526932,-80.467026,-83.353973,-74.882294,-77.707138,-82.792923,-82.584045,-78.142082,-88.433342,-91.451828,-78.526245,-80.659950,-76.489578,-97.376999,-86.718002,-85.805618,-90.101181,-87.648865,-81.148270,-73.610924,-85.292755,-90.642464,-87.911133,-83.042946,-88.055145,-101.867592,-53.023987
[0;32mI (20772) ANALISIS_ESPECTRO: Frame exportado | t=20.06 s | pico=78.1 Hz | 2.5 dB[0m
SPECTRUM_FRAME,30.091687,78.125000,9.955568,hann,512,90.299492,84.292084,21.942719,9.960251,8.687992,9.955568,3.402740,1.825976,7.538378,2.680372,5.357101,3.627229,6.946114,-0.330348,2.998483,5.466809,0.697962,3.739562,4.330782,6.772624,2.027642,2.004916,5.457321,4.298802,0.048166,5.077032,5.759149,7.757500,4.556652,8.463373,5.981365,6.431046,4.288221,7.339146,2.418731,1.952871,2.337986,6.321223,5.414198,3.740479,4.189363,5.012531,1.189518,2.629903,-0.035405,4.338103,0.704621,2.964086,3.090595,-0.345093,3.704734,1.319132,2.924636,1.013103,1.142829,5.535928,1.603900,4.927040,4.400133,4.381919,5.975144,0.508013,2.659745,0.067432,0.222673,4.500243,0.075600,3.599811,0.604565,4.025199,4.351615,-0.129858,2.216004,-1.252180,0.226060,-2.834601,-1.033098,3.311403,0.739933,1.472802,1.791410,-1.299852,-0.603029,-1.091279,4.295935,0.033705,0.445954,2.396182,5.931325,-0.350544,1.146006,-1.360781,1.770767,-2.096960,-2.565808,0.132086,1.606924,-1.430409,3.761246,0.150932,2.370693,-12.234701,1.151202,1.692034,-10.149817,-0.686149,1.583573,2.856125,-1.496825,-1.806003,5.203944,-0.399263,-1.294937,-0.606645,2.161446,3.866258,-1.242318,5.334476,3.819212,0.163151,-0.091345,0.469218,2.773059,-11.326404,-1.427741,3.513618,1.517681,-1.236769,-1.068878,3.988243,1.352355,-9.467303,-0.751893,-3.216159,-4.129398,-0.850391,1.842590,2.328960,-3.780639,2.911798,2.770853,0.379028,-0.845135,3.876709,3.133304,3.542761,-1.376245,5.348296,4.747800,1.536673,-0.527953,0.373224,-1.804341,1.144334,-2.895526,4.704686,-4.301949,2.514793,0.603731,0.281057,-3.130620,-6.911648,0.081117,-1.168977,-4.573017,1.315855,-0.041570,2.756177,-0.259074,-0.416684,2.216106,-4.552135,2.696955,-1.568980,2.733440,1.828077,2.942621,1.981602,0.223968,-1.978322,2.365884,-3.531778,1.656367,-7.865759,3.006735,-1.755117,2.062031,-0.645411,-0.613351,-5.603524,-1.661291,-9.804418,-4.366858,-7.071255,3.318794,-0.628202,-2.558668,0.014688,-0.337200,-1.081922,-3.398001,-0.572772,-0.605090,-2.847926,-2.521367,1.673951,-3.063557,-2.012088,-5.111231,-0.318155,-2.541405,-5.081046,-1.512411,2.037014,-4.723268,-2.464113,-6.147421,1.277764,-4.592869,-9.492537,-5.347094,-7.840262,-7.938790,-1.248269,-1.371881,-2.278433,-5.857928,1.551164,-4.352713,-10.929666,-6.301141,-2.726732,-1.353770,-12.931479,-2.007260,-2.171817,-9.189240,-11.509471,-8.419960,-4.866948,-23.655603,-9.377892,-1.578429,-6.064780,-9.861527,-9.726792,-4.282331,-4.065824,-5.577921,-3.954678,-7.759360,-17.926050,-5.897098,-2.877068,-0.166751,-4.998745,-12.890434,-4.600678,-5.809319,-17.631517,-13.883713,-9.392510,-7.024153,-22.715019,-6.922926,-5.551003,-8.812947,-10.691587,-18.906225,-30.132088,-9.322445,-4.646525,-5.858648,-16.579948,-14.477940,-12.299473,-28.413864,-13.287285,-11.357019,-9.927443,-11.918724,-8.676923,-5.763780,-10.216265,-5.171704,-12.944347,-12.681428,-6.370541,-11.214353,-15.846333,-19.728857,-9.870299,-6.864991,-11.508893,-13.172182,-9.320107,-14.839474,-8.531452,-5.616314,-14.696150,-13.111994,-31.866924,-7.897635,-11.248551,-23.298267,-10.944281,-8.153419,-12.244929,-9.371957,-7.825068,-20.737766,-5.857290,-8.398161,-38.705650,-11.158966,-5.768505,-7.896415,-16.189459,-15.809382,-7.522783,-7.395117,-22.900154,-8.381606,-7.047012,-8.060941,-10.460264,-25.322556,-6.962001,-8.835310,-20.375973,-14.894545,-8.610097,-10.385795,-23.061710,-11.830468,-3.498708,-3.151148,-9.597544,-16.010693,-20.288507,-6.822167,-4.500634,-5.889130,-10.084237,-15.084787,-9.764296,-15.625688,-16.645594,-9.813908,-7.430117,-16.194939,-9.062422,-4.801362,-6.781258,-12.796057,-15.357609,-7.207098,-6.498367,-9.368681,-9.567831,-6.928949,-12.272139,-13.539602,-9.368003,-17.804459,-6.562953,-7.163605,-11.854167,-16.952225,-10.450010,-8.733265,-10.779776,-5.523167,-9.750853,-12.348657,-15.504599,-12.529823,-8.576668,-7.746282,-8.251343,-16.933571,-13.833054,-14.849718,-19.789726,-15.771255,-15.830388,-20.917379,-27.253006,-10.938435,-8.036643,-22.797205,-35.613857,-10.922449,-11.586077,-29.071606,-10.026737,-5.642524,-8.674505,-19.324459,-13.372095,-17.055433,-10.282618,-19.856871,-14.572444,-14.696665,-13.357129,-10.275141,-17.699049,-12.894733,-18.390707,-20.380972,-26.888941,-21.800556,-15.705123,-14.946575,-9.142257,-7.408654,-26.510496,-16.001045,-12.123527,-9.105337,-14.496601,-20.931303,-6.889250,-8.171644,-13.826680,-15.515171,-14.954939,-9.188261,-20.838341,-19.145811,-15.904398,-29.361761,-11.938784,-9.114918,-7.031430,-17.269670,-18.810976,-11.235884,-11.628284,-13.831944,-8.333974,-6.325145,-10.876002,-15.323592,-7.413240,-7.054999,-9.195564,-17.617924,-12.677193,-9.554595,-13.499865,-14.563858,-6.337260,-7.860777,-33.677280,-20.265186,-11.574713,-9.910979,-12.464748,-6.481884,-6.286108,-15.203957,-16.873367,-9.144317,-8.588720,-8.392849,-14.151804,-15.149461,-32.852036,-10.349065,-9.458013,-10.299974,-16.067917,-12.620968,-7.299356,-7.880847,-16.271254,-16.577875,-7.351918,-7.769992,-19.535635,-13.295096,-9.607348,-8.991253,-10.174646,-25.059078,-17.833527,-19.276327,-17.900501,-15.062887,-11.428053,-15.922089,-14.579813,-16.161386,-10.664369,-11.753586,-13.076408,-14.004525,-23.472509,-18.176979,-10.043053,-9.185506,-11.225742,-16.636370,-16.758688,-13.126640,-17.506392,-18.237955,-19.488321,-13.240148,-13.217403
[0;32mI (30762) ANALISIS_ESPECTRO: Frame exportado | t=30.09 s | pico=78.1 Hz | 10.0 dB[0m
SPECTRUM_FRAME,40.123613,515.625000,34.978577,hann,512,90.282120,84.274963,23.867102,15.195385,16.034351,16.149199,19.199179,22.674004,26.276714,21.216066,12.539593,12.055387,-1.080746,12.600986,11.703300,15.070428,20.720711,18.761345,8.825313,-3.191872,-28.982733,8.107755,15.840178,12.677235,22.603844,24.626278,17.390953,17.952013,17.531641,7.118844,8.069286,21.115656,31.989685,34.978577,27.460499,18.639740,13.909367,23.631519,23.190039,20.260567,25.066856,25.043669,16.137802,3.660881,12.631989,10.063110,12.892604,16.360579,19.155199,22.829914,19.778313,3.657076,13.587628,11.769983,16.529057,19.549791,7.996638,19.632467,19.914713,15.269679,11.398712,19.633553,6.221571,14.685969,23.329782,30.214355,29.812986,22.395391,15.852173,13.010696,22.709328,22.233643,20.787415,24.451611,21.121731,7.742894,10.991972,8.993618,14.001890,13.431770,16.245705,19.684580,23.420921,20.422220,0.462213,12.855165,-5.390457,17.879471,17.797594,10.040359,11.239988,18.634888,11.293836,8.276516,14.554543,10.549613,15.695280,20.412180,25.040283,23.092144,16.281103,11.965322,17.071928,18.424200,16.131048,18.497374,21.201677,17.250790,7.843467,15.150027,3.470843,14.129772,14.259577,16.575237,19.096981,20.315296,14.550268,9.034009,-13.709671,15.587170,18.420515,14.582041,6.816628,13.361691,18.150890,12.433310,5.342710,9.200698,9.973952,10.468968,9.354601,16.702597,16.635067,10.239745,3.924080,12.969467,11.710788,6.382091,12.452506,15.274458,14.544998,11.680815,13.147285,4.147430,11.043188,12.614480,17.386253,18.322279,14.419321,-3.492522,7.567775,2.595915,15.610418,15.628914,14.596989,13.237364,14.970238,15.943884,13.013154,7.519842,12.190231,9.883319,-7.247349,-5.046415,6.597252,4.651154,3.925572,2.962164,9.411467,5.556953,3.809232,7.017944,4.809297,10.601015,10.402255,8.254688,3.218492,4.427173,8.362814,13.749133,14.086455,10.944968,8.742241,9.151824,10.765243,13.053434,8.979445,10.591082,12.312914,11.681526,12.920276,11.187563,7.817872,11.625094,8.562900,0.794502,-0.720207,5.588699,9.342043,2.559430,2.037161,11.209942,11.620209,10.338068,5.973724,-8.065737,-0.837016,-1.858939,1.069693,0.543158,-0.293702,2.100044,5.725071,8.127926,7.773613,6.898575,7.790659,8.386795,11.714378,9.840446,4.046377,0.337964,4.556096,5.620854,0.407871,5.512378,10.799097,6.560389,1.232848,1.318143,7.995553,10.634556,5.757752,0.901893,6.859894,7.400809,9.083655,7.523008,-2.833256,-1.985189,-2.414655,-12.843489,-5.492948,-4.459363,-2.080692,2.014541,6.211519,8.287143,3.452050,-14.230247,-17.873457,2.772762,4.795336,1.372877,-1.170767,6.999634,6.149527,2.920875,5.200201,6.841918,2.195978,-3.787833,-3.504776,4.397625,4.157413,0.080270,5.172323,5.290267,2.402195,5.183132,4.981588,2.508645,2.867680,-7.369034,-6.559626,-2.267377,-10.278526,-15.548084,-0.118565,1.244155,4.240174,-0.801474,-11.917301,-5.344732,-5.103893,0.034456,0.790563,-12.463284,-0.780658,1.052891,2.190358,2.881475,-1.334393,-2.047543,1.919382,-3.626581,-2.766999,-11.838949,1.574317,3.235076,3.367165,4.781651,5.072846,-2.359328,2.340869,4.580426,-3.244656,-3.151271,-4.239915,-1.413823,-1.327272,1.210370,-4.297394,-8.456577,-4.330090,1.498591,1.835207,-3.560230,0.996008,0.419256,-10.626240,-17.330496,-13.450830,-6.325157,-8.866603,-3.644302,1.159036,2.548418,-0.768148,-8.463610,-3.935117,-0.922963,-9.640125,-4.213005,2.157733,2.342693,-0.040390,-1.503046,1.516269,-1.467884,0.314692,-10.319981,-1.750622,-1.647456,-0.886109,-4.164421,-7.286812,-5.679879,1.292064,2.225338,-2.733466,-8.030749,-21.691204,-3.978461,-4.546185,-10.417768,-2.571137,-3.148103,-3.396279,-0.209753,0.566190,1.241331,-3.145908,-6.884633,-7.359972,-5.733544,-16.116970,-6.580228,-10.117521,-5.575178,-7.866533,-23.651051,-16.095453,-0.616640,-7.477101,-2.753481,-2.972275,-3.915719,-4.305728,-4.701473,-8.011925,-2.885775,-3.374477,-7.702425,-16.801651,-7.546206,-3.527472,-6.000976,-6.007311,-4.071092,-18.572271,-4.615163,-3.004854,-1.321169,2.099168,-3.851482,-11.996903,-12.438461,0.947859,-5.398309,-5.594125,-9.071790,-35.385490,-5.796438,0.453449,-2.017224,-11.404192,-11.501839,-1.083709,-7.268698,-11.381962,-5.076550,-2.460519,-3.534086,-7.260220,-7.393456,-10.989079,-15.656870,-14.661151,-8.314722,-5.072204,-8.378493,-6.036497,-20.544689,-2.364566,-10.127464,-8.500454,-5.833511,-5.353174,-5.147134,-9.441255,0.107088,-4.823811,-4.130579,-6.055127,-12.814949,-0.576016,1.975229,-0.000828,-4.904446,-0.733730,0.610288,-6.286152,-7.787368,-10.609374,-8.783044,-4.818725,-14.712725,-7.614788,-8.903576,-11.875158,-12.472754,-2.562257,-5.895672,-14.797573,-12.289329,-1.011197,-2.377212,-17.245258,-10.171698,-13.784809,-4.103349,-3.686067,-13.040096,-14.476348,-8.257374,-10.379134,-11.153980,-18.171211,-0.475620,2.295739,-0.657970,-5.087576,-2.105058,0.124452,-4.880218,-6.078697,-7.788880,-4.372853,-6.561961,-4.046742,-7.795096,-4.812285,-7.010124,-7.241070,-2.925433,-11.185132,-12.322393,-2.301498,1.325229,-5.910397,-14.535351,-17.873573,-9.967844,-2.550578,-7.499620,-7.513265,-2.532605,-4.562564,-11.815063,-6.896172,-13.544504,-0.701015,1.943527,-7.203224,-10.245881,-5.205662,-3.642775,-19.282362,-11.457768,-7.833104,-0.113601
[0;32mI (40782) ANALISIS_ESPECTRO: Frame exportado | t=40.12 s | pico=515.6 Hz | 35.0 dB[0m
