Command: /home/yuusha1/esp/idf-tools/python_env/idf6.1_py3.12_env/bin/python /home/yuusha1/esp/idf/esp-idf/tools/idf_monitor.py -p /dev/ttyACM0 -b 115200 --toolchain-prefix xtensa-esp32s3-elf- --target esp32s3 --revision 0 /home/yuusha1/esp/projects/labs/Rep_SE_202601_grupo_Diego_Santiago_Chen/Lab_1/Ejercicio_5/analisis_espectro/build/analisis_espectro.elf /home/yuusha1/esp/projects/labs/Rep_SE_202601_grupo_Diego_Santiago_Chen/Lab_1/Ejercicio_5/analisis_espectro/build/bootloader/bootloader.elf -m '/home/yuusha1/esp/idf-tools/python_env/idf6.1_py3.12_env/bin/python' '/home/yuusha1/esp/idf/esp-idf/tools/idf.py' '-p' '/dev/ttyACM0'
ESP-ROM:esp32s3-20210327
Build:Mar 27 2021
rst:0x15 (USB_UART_CHIP_RESET),boot:0x8 (SPI_FAST_FLASH_BOOT)
Saved PC:0x4037957a
SPIWP:0xee
mode:DIO, clock div:1
load:0x3fce2820,len:0x14f0
load:0x403c8700,len:0xda0
load:0x403cb700,len:0x2f58
entry 0x403c8908
[0;32mI (24) boot: ESP-IDF v6.1-dev-2938-g12f36a021f 2nd stage bootloader[0m
[0;32mI (25) boot: compile time Apr  8 2026 14:46:03[0m
[0;32mI (25) boot: Multicore bootloader[0m
[0;32mI (26) boot: chip revision: v0.2[0m
[0;32mI (29) boot: efuse block revision: v1.4[0m
[0;32mI (33) boot.esp32s3: Boot SPI Speed : 80MHz[0m
[0;32mI (37) boot.esp32s3: SPI Mode       : DIO[0m
[0;32mI (40) boot.esp32s3: SPI Flash Size : 16MB[0m
[0;32mI (44) boot: Enabling RNG early entropy source...[0m
[0;32mI (49) boot: Partition Table:[0m
[0;32mI (51) boot: ## Label            Usage          Type ST Offset   Length[0m
[0;32mI (58) boot:  0 nvs              WiFi data        01 02 00009000 00006000[0m
[0;32mI (64) boot:  1 phy_init         RF data          01 01 0000f000 00001000[0m
[0;32mI (71) boot:  2 factory          factory app      00 00 00010000 00100000[0m
[0;32mI (77) boot: End of partition table[0m
[0;32mI (81) esp_image: segment 0: paddr=00010020 vaddr=3c020020 size=0f458h ( 62552) map[0m
[0;32mI (99) esp_image: segment 1: paddr=0001f480 vaddr=3fc91300 size=00b98h (  2968) load[0m
[0;32mI (100) esp_image: segment 2: paddr=00020020 vaddr=42000020 size=1613ch ( 90428) map[0m
[0;32mI (119) esp_image: segment 3: paddr=00036164 vaddr=3fc91e98 size=025e4h (  9700) load[0m
[0;32mI (122) esp_image: segment 4: paddr=00038750 vaddr=40374000 size=0d2e4h ( 53988) load[0m
[0;32mI (135) esp_image: segment 5: paddr=00045a3c vaddr=50000000 size=00024h (    36) load[0m
[0;32mI (141) boot: Loaded app from partition at offset 0x10000[0m
[0;32mI (141) boot: Disabling RNG early entropy source...[0m
[0;32mI (153) cpu_start: Multicore app[0m
[0;32mI (161) cpu_start: GPIO 44 and 43 are used as console UART I/O pins[0m
[0;32mI (162) cpu_start: Pro cpu start user code[0m
[0;32mI (162) cpu_start: cpu freq: 160000000 Hz[0m
[0;32mI (163) app_init: Application information:[0m
[0;32mI (167) app_init: Project name:     analisis_espectro[0m
[0;32mI (172) app_init: App version:      bc6dc7c-dirty[0m
[0;32mI (176) app_init: Compile time:     Apr  8 2026 14:46:06[0m
[0;32mI (182) app_init: ELF file SHA256:  f87516d2c...[0m
[0;32mI (186) app_init: ESP-IDF:          v6.1-dev-2938-g12f36a021f[0m
[0;32mI (191) efuse_init: Min chip rev:     v0.0[0m
[0;32mI (195) efuse_init: Max chip rev:     v0.99 [0m
[0;32mI (199) efuse_init: Chip rev:         v0.2[0m
[0;32mI (203) heap_init: Initializing. RAM available for dynamic allocation:[0m
[0;32mI (209) heap_init: At 3FC99690 len 00050080 (320 KiB): RAM[0m
[0;32mI (214) heap_init: At 3FCE9710 len 00005724 (21 KiB): RAM[0m
[0;32mI (220) heap_init: At 3FCF0000 len 00008000 (32 KiB): DRAM[0m
[0;32mI (225) heap_init: At 600FE000 len 00001FE8 (7 KiB): RTCRAM[0m
[0;32mI (231) spi_flash: detected chip: boya[0m
[0;32mI (234) spi_flash: flash io: dio[0m
[0;32mI (237) sleep_gpio: Configure to isolate all GPIO pins in sleep state[0m
[0;32mI (243) sleep_gpio: Enable automatic switching of GPIO sleep configuration[0m
[0;32mI (250) main_task: Started on CPU0[0m
[0;32mI (260) main_task: Calling app_main()[0m
[0;32mI (260) ANALISIS_ESPECTRO: Inicializando analisis de espectro[0m
[0;32mI (260) ANALISIS_ESPECTRO: fs=16000 Hz, FFT=1024, periodo=1000 ms, export CSV por serial[0m
[0;32mI (280) main_task: Returned from app_main()[0m
SPECTRUM_CFG,16000,1024,512,15.625000,hann
SPECTRUM_FRAME,1.005977,500.000000,44.127735,hann,512,90.239517,84.230759,34.807571,42.984436,39.717525,22.260935,36.498398,35.019882,14.090603,32.582329,34.260044,22.818512,29.253189,33.365616,25.922377,26.626106,33.544270,28.745926,20.784805,31.217863,28.860132,13.820082,29.415092,29.532997,15.660553,29.557613,32.808083,24.229374,34.780735,40.651550,35.731884,34.661018,44.127735,41.260696,26.163729,38.370049,37.454403,24.273615,32.863155,34.106300,21.723490,28.008501,32.503311,24.515835,23.434259,29.694025,24.418835,19.324099,27.473274,25.277090,9.482655,22.064960,21.962919,10.036711,13.661108,15.250933,11.690830,11.591661,14.041948,14.009452,19.589884,29.001301,28.940971,19.093540,34.979942,35.515526,26.839069,20.714161,25.053446,18.828295,22.099773,26.210329,21.232216,12.450172,21.152946,17.452671,1.688239,12.123446,8.839729,7.048010,18.473555,19.575184,10.128584,17.600555,20.566626,11.047035,18.313833,23.435001,16.864639,13.646664,21.339254,14.751371,11.910363,22.991158,22.147558,9.628862,29.385395,31.793325,21.781502,14.657372,19.257332,5.054994,10.448121,6.714572,11.625594,16.122410,17.691906,10.942010,8.879925,17.744076,16.930660,10.768089,18.936604,20.335569,11.808562,12.310162,17.391947,12.465284,12.467373,19.931360,18.443192,7.165097,13.958522,12.241638,-4.086624,7.370132,10.601549,13.814850,18.356388,23.477823,18.392323,13.835388,15.112729,6.675248,10.635024,17.982277,13.223822,7.475709,15.156622,12.916804,7.729753,11.942846,12.828653,10.106089,9.151106,8.798265,8.020409,8.120507,10.472163,5.475478,-11.297975,13.483646,15.213789,10.340837,7.958055,6.384281,8.409740,16.621159,16.223143,5.265770,11.478858,10.884827,7.806167,17.631002,17.808512,14.851290,10.590158,9.408468,4.449537,-4.653581,1.453136,4.383387,0.572672,6.155806,12.020188,4.443550,1.702324,7.789860,-8.234234,10.009189,11.861317,6.929825,6.445308,13.680196,15.023803,9.184823,7.072847,11.398864,-6.750720,10.461245,10.155926,8.701785,6.685572,-1.796476,9.963660,14.684224,1.612588,4.831748,7.418536,8.559246,8.850038,7.665012,12.121580,12.259712,4.244397,9.628020,14.383654,11.963045,9.051176,10.394474,5.411284,-10.128832,0.164941,2.746183,-5.333051,-1.733592,-0.867460,8.835727,6.402415,-8.531412,3.836839,-3.060531,5.335760,0.217953,4.776144,9.598798,11.339075,9.424896,2.424778,4.381724,-3.938230,1.204722,0.530175,7.811554,9.063461,7.363691,5.216709,-5.286800,5.661620,8.636682,7.493015,0.238636,-11.460283,5.217119,7.188827,0.112056,4.989946,8.608269,6.306414,-0.629904,-20.878351,5.289401,3.450419,-8.961342,4.843272,-4.072526,8.838081,8.661253,8.513642,11.525757,8.428953,4.197165,0.141317,-6.429145,-0.008142,3.153332,3.133847,4.781082,3.713202,2.168481,7.983169,5.566760,-1.284485,1.199956,2.095513,2.647770,6.087236,4.691926,-6.551295,4.628163,6.170087,3.163545,-2.035514,-1.871180,0.723766,3.197146,3.743110,-4.020469,2.076103,2.523459,2.190510,8.802785,6.783991,3.242864,7.851117,5.838900,-8.636613,2.762931,-1.233729,4.100181,4.190762,-16.695013,-5.235384,-6.284592,2.442246,1.173624,-19.160999,-1.044977,-1.253069,-4.873152,1.561117,-1.400108,0.549429,-1.195672,-2.393396,-6.955161,-4.012369,-0.242014,1.278020,-3.656330,-9.448315,-5.970347,-3.952501,4.106564,4.870235,-11.919332,1.174946,4.143887,1.660493,-2.476662,-4.002621,-9.250315,1.713643,1.683126,0.286367,-13.859039,0.981122,2.798002,-3.362308,-5.900388,-6.192283,-12.861111,-12.174825,-2.799414,1.684854,-4.189031,-10.618927,-4.393010,0.127639,-3.817834,-7.564663,-5.033898,-8.320384,1.570517,-5.877657,3.166520,5.259659,-16.372845,3.420989,1.357081,-5.499354,4.400042,3.942327,-2.731676,0.053382,-7.730236,-5.214342,-3.407073,-8.601683,-10.006363,-10.390432,-4.587219,-2.382443,-1.385954,-6.080005,-7.894997,-11.991910,-14.006777,-7.536026,-13.865782,-2.521250,-1.898058,-5.214808,-8.335275,-6.997753,-1.747536,-2.448972,-2.059485,7.503027,4.842387,-11.638977,3.135968,0.689854,-9.951786,-1.547726,-2.175319,-4.971645,-0.930031,-4.003937,-4.082293,0.772981,1.349608,-17.309431,3.256978,5.752116,1.768842,1.709839,-2.563064,-23.554031,-2.784279,-1.443316,-13.884441,-6.744318,0.518135,3.842982,-2.872126,-6.218290,-0.231405,-7.723930,-8.055097,-4.387516,1.812584,-0.786889,-10.973719,-11.681604,-4.574753,-5.590636,-6.789710,-2.011112,0.042777,1.259299,0.409044,-3.262340,-2.132908,-5.683627,-2.826846,2.709682,1.576941,-0.241090,-1.078862,-1.291662,-3.852647,1.614720,-1.795589,-2.781690,-1.877741,-1.642518,-3.700193,-3.249226,-1.661795,-6.362124,-8.097168,0.312146,-1.445405,-8.092463,-3.382068,-0.161896,-3.148098,-2.758324,-2.747104,-5.456237,-6.768511,-8.213392,-7.021841,-5.056462,-14.265749,-8.208944,-6.724821,-6.894317,-7.917039,-12.352396,-0.886912,4.572516,0.662075,-8.029333,3.774471,4.946547,-5.442418,-1.468851,1.420916,-5.116515,-2.613471,-0.338099,-5.244295,0.603945,2.580894,-4.233833,-2.494854,0.136750,-6.205177,1.696985,4.899517,1.639462,-3.333063,-3.020287,-7.899568,-9.626776,-12.207767,-15.715336,-10.541960,-6.160036,-4.079867,-15.359146,-7.319665,-3.711094,-1.947595,-1.423546,-2.174550,-0.625312,1.230864,4.559608,3.260178
[0;32mI (1670) ANALISIS_ESPECTRO: Frame exportado | t=1.01 s | pico=500.0 Hz | 44.1 dB[0m
SPECTRUM_FRAME,2.028327,500.000000,44.038807,hann,512,90.239418,84.228882,36.025974,42.709042,39.535099,23.299505,36.293915,34.694336,8.918318,33.238853,33.528599,16.424540,31.289923,33.931171,25.014473,29.401579,34.955978,30.012661,23.683434,32.339432,29.655064,17.080462,29.553698,29.853830,15.157180,30.930855,32.844112,18.655437,36.351620,40.839291,34.533257,36.380840,44.038807,40.434708,24.586464,37.977562,35.096001,12.953840,32.509636,32.681019,19.265036,28.629963,31.364748,22.398836,25.041752,29.174463,22.549479,21.668041,26.871931,21.106882,18.320280,23.904385,19.413086,10.625402,13.142303,16.065228,14.591063,10.607283,8.663436,17.672668,25.973549,30.307667,26.072662,23.998589,34.570694,33.511509,19.425306,19.784216,21.564558,17.552765,21.508358,26.929813,21.610756,6.947210,21.162640,18.894861,14.443707,2.944729,14.129478,19.554785,24.131300,21.606133,18.075958,23.038509,21.863026,4.735253,20.114338,24.492489,18.009760,17.790352,23.538517,20.791578,19.250710,24.250427,22.324421,12.385903,28.654400,29.759504,18.411091,16.652700,11.209565,20.484810,14.555670,4.506715,11.834049,15.584798,16.858080,11.784893,13.341441,19.245102,11.907048,13.734665,20.489483,18.596151,13.557643,17.248262,17.232248,10.081352,7.584250,12.987400,9.454483,-10.616456,-3.457619,8.636859,12.690835,17.789040,16.669226,11.646987,19.247425,18.778570,12.998256,9.419146,18.838703,19.657883,16.874405,13.322926,5.758801,9.156233,6.226356,5.275694,4.523230,-1.981443,11.363159,13.351293,12.922045,14.474544,10.109416,7.873907,13.123211,-11.278716,13.048216,17.340206,13.720446,9.310595,14.364490,15.213904,10.294928,18.267181,16.552473,7.626164,16.716816,9.999665,2.366156,6.782540,10.039748,14.794322,14.743299,2.885380,9.828311,4.337341,7.718873,7.066594,7.992942,10.854172,9.898911,12.327208,12.392920,12.106285,10.444218,-2.234899,10.006283,10.507442,0.427439,9.990433,14.646046,11.941174,6.792738,9.303142,10.360373,11.124475,10.154526,-2.027480,12.370553,10.590668,-1.326585,6.501611,11.640144,2.317090,14.944494,11.738247,6.528818,5.262934,-0.832492,-17.429090,2.870008,-6.909741,4.798234,6.110339,-0.421647,8.661413,2.148034,10.342526,11.759981,-17.020859,9.937430,9.312686,-9.803284,10.900096,12.250708,5.380135,4.493156,11.529615,12.670210,7.977355,11.035460,11.363623,3.700445,3.463989,6.309237,6.118520,11.845008,2.302354,8.128145,2.956372,4.555475,4.160424,0.123516,5.348380,2.750482,4.851552,7.793715,6.934643,4.634581,9.623233,11.829411,8.276627,-1.979995,3.376947,8.563641,6.458329,-5.785282,2.469248,6.339262,-3.604660,5.608989,7.443496,5.244571,-0.664502,-4.604383,-3.803694,4.083489,7.370366,8.753048,-0.579457,5.983000,-2.866092,4.408565,6.999788,4.559313,-5.264833,3.024850,0.119180,-2.621309,-0.252509,4.419600,2.770094,-16.042870,2.663445,7.067356,8.361571,8.785032,5.428378,3.934921,7.506394,-4.059076,4.974737,-4.390207,0.605778,5.317048,2.157151,-0.335342,-0.004401,-2.611274,1.829866,6.528353,-0.461596,0.058366,-6.636120,3.924736,-0.324640,6.693177,6.761928,-2.414300,-2.074681,6.615912,7.858571,3.955151,8.333104,6.679604,-14.049416,5.775586,6.761334,3.585454,-0.483636,0.954257,1.144517,0.507248,4.833855,-10.026650,3.001808,3.206203,1.320492,0.497723,-0.369683,-12.865335,-5.576577,2.325823,2.104355,-5.912814,-12.101610,1.162077,-0.763927,-1.370291,3.757736,1.768683,-1.257336,-2.968917,-5.518755,-7.956408,-3.585824,-2.466606,2.803983,5.743625,-1.233914,2.954810,0.925501,-6.431780,2.304611,2.385269,4.965935,3.385097,-3.126929,-6.272427,-10.624870,-6.862060,-12.452017,-9.709915,-5.115489,-0.014332,-13.377474,-4.193728,-0.760432,2.234748,-4.470855,-4.703117,-3.643173,-12.398216,-2.678008,3.466338,3.543966,-0.932254,-2.395992,3.387436,5.037508,6.330042,4.071362,5.530328,2.020350,-8.274096,2.299776,0.891714,-0.992629,3.613316,-6.078023,-2.780925,-2.310556,-5.442360,-0.780494,0.818374,-5.740953,-1.169324,1.110859,2.061491,-4.176925,2.480606,-0.446796,-1.020650,4.681073,-3.082166,-20.552868,-12.001667,-1.157675,0.011860,-8.569818,-2.761623,-0.567370,-3.310729,-1.439835,-11.412030,-10.619415,-1.203187,2.131198,0.747966,-3.518224,-0.918914,-6.101809,-4.912935,-0.097719,-0.996988,0.442445,-1.118237,-4.098678,-4.496310,-0.940102,4.655603,0.710994,-6.000230,-9.824409,-4.348442,1.815478,-2.089127,-11.644051,-15.804955,-1.654687,1.160258,-4.041167,-2.578920,-2.785643,-6.270070,-11.796839,0.212645,2.331996,-7.809381,0.386298,4.303364,2.623112,-7.338199,-3.124884,-10.243095,-2.776031,-1.167495,-1.421155,-2.276209,-4.499348,0.713266,3.256926,-0.273148,4.734057,6.660386,2.461756,-7.380592,-5.312192,-15.317287,-6.473442,0.583936,1.369412,-2.401095,-11.802492,-8.328420,0.688533,3.493468,-0.099196,1.303216,4.133904,2.344663,0.185888,-4.556811,2.147301,2.693660,-10.369216,-8.544246,-8.693750,-5.573932,-1.495233,-1.819164,-10.470628,-3.446308,-1.700222,-17.144962,0.597939,2.321028,0.655925,-3.794109,0.621017,-1.583397,-10.537890,-5.834876,0.375767,1.631524,-2.090180,-7.902595,-4.552241,0.726331,0.163272,0.256589,-6.468272,-3.870135,2.742772,3.289122,-8.669845,-0.985081,-2.217645
[0;32mI (2680) ANALISIS_ESPECTRO: Frame exportado | t=2.03 s | pico=500.0 Hz | 44.0 dB[0m
SPECTRUM_FRAME,3.050687,500.000000,44.002754,hann,512,90.240334,84.230682,35.797768,43.024109,39.898518,22.441313,36.264580,34.368900,7.155427,32.579964,32.941116,19.037338,28.959251,32.792732,25.715885,24.778702,32.615898,28.796244,18.882391,29.433472,28.626148,13.967195,26.172731,29.159410,18.972675,29.621944,34.170258,26.179754,35.201118,40.989590,34.574238,36.517120,44.002754,40.240662,27.209076,38.908230,37.045292,4.257286,33.441444,33.362537,13.010961,30.599300,32.351910,21.943317,24.505835,29.123924,22.970665,11.301108,24.614624,23.937454,13.396889,15.597284,17.603720,14.400579,0.447381,3.360402,7.723534,16.613174,24.424561,18.968401,22.207821,29.906391,25.390125,27.830956,34.468769,31.856693,13.940741,26.932804,23.269188,7.177058,26.064798,27.628967,14.834476,23.106220,22.598007,5.337591,16.479553,12.573323,6.813660,9.403833,14.539434,13.683066,7.160976,16.610491,17.967308,-0.595729,15.763618,21.664591,17.950699,8.073849,15.755779,15.889696,-2.738115,18.728214,16.513029,15.987392,27.152935,28.792953,18.521166,11.425705,13.124197,17.676117,13.182814,-18.891617,12.203363,7.853484,18.484222,18.950102,8.895512,18.025696,18.223671,7.803562,14.614408,13.614313,8.189894,7.526309,3.321717,6.161630,4.894809,11.961269,12.789083,-3.087111,11.521620,12.683249,9.463609,9.578089,12.686480,1.361469,15.708107,19.862381,14.490778,16.721096,19.006073,7.637744,11.088304,15.501202,10.014863,11.518620,16.734100,15.532389,6.662717,5.362602,-0.053582,-5.511134,6.635803,11.377533,5.859025,13.402075,18.363451,12.251977,6.118543,15.207028,13.824099,5.949552,12.231546,13.770258,8.842668,16.133255,18.978979,16.975044,14.830442,11.043564,13.782627,15.199871,14.474267,11.410891,3.098843,7.556939,11.543329,8.524619,1.204095,1.083730,-0.875155,9.747678,11.134720,2.555330,10.026835,12.429951,-0.411042,11.349823,14.628391,8.163598,6.312323,9.818419,11.292549,9.429184,4.084175,-12.115206,10.636950,13.171360,9.986994,12.428694,15.808519,7.947999,5.716321,12.417618,9.319142,9.457596,3.040491,15.109785,13.264910,-15.479336,7.517566,6.692164,5.615847,7.904162,8.142210,-8.777300,6.142788,9.648232,5.484246,2.211081,8.463911,2.345600,-4.003612,5.875669,5.850622,-5.918156,8.860646,12.195757,1.689470,7.712092,13.268679,8.693403,7.671786,11.772316,10.255163,6.748424,5.604288,4.316551,8.344687,10.887666,3.837476,-6.073493,-10.407291,-0.165283,1.822020,2.898404,9.883843,5.025418,0.007512,9.180864,9.679939,3.715529,6.059223,6.587510,7.083297,4.748515,1.836431,6.582970,3.987837,0.564264,3.262808,-10.346548,-6.207339,-1.533328,-6.678580,-0.139193,3.422644,4.103307,5.166521,5.051338,-4.471290,7.247972,3.719230,-4.979743,-3.307117,-13.914454,-3.645684,1.964252,6.126382,1.220611,-1.153592,2.671774,2.472595,-0.029473,-10.843208,0.187029,1.935395,4.791515,7.287296,2.067029,-2.247519,5.468827,2.947063,-14.141027,1.893865,6.524589,4.383169,2.770234,5.082387,1.382095,0.324642,1.055634,1.398184,-0.794188,0.723721,1.915454,-2.099981,-32.509235,1.610224,3.831943,1.220155,-3.914639,-3.781373,-2.642366,1.020728,3.257104,-0.590306,-11.218063,-0.054512,5.165119,6.254420,4.358846,-4.463794,-1.466931,4.061216,-4.380700,-4.594541,-3.804641,2.550451,7.951512,6.515029,-5.506639,5.252098,3.761142,-12.042848,-9.726434,-17.195637,-0.753508,-0.793007,-3.861576,-7.836747,2.938845,2.438730,-2.645999,-3.198195,1.728054,-3.229518,2.087876,0.249925,-5.197084,2.358628,1.902621,0.005059,-4.856476,-3.094481,-3.599631,-13.624344,-9.371891,-10.562834,-2.894706,1.799038,2.621710,-3.332943,-11.436816,-4.047326,0.752683,0.260380,-3.113861,-2.180417,-5.050159,-10.172707,-9.602213,-7.527365,-6.874246,-1.392497,-3.551454,-11.841274,-6.334291,-11.986032,-15.086068,-9.578604,2.149354,1.082014,-7.220652,-0.438847,2.708605,3.994523,-0.039579,2.102401,0.725462,-11.985628,1.357324,2.752621,-0.447928,-2.366316,-1.585270,-6.902939,-7.301552,0.424114,0.967148,3.381080,-5.510016,0.480867,0.990115,-13.141690,1.816895,0.527480,-16.142809,-4.838458,-4.252446,-14.835252,-14.338771,-0.124203,4.758751,3.021143,2.382821,0.477402,-8.310235,1.758100,3.160028,-7.856165,-3.567509,-4.682024,-12.046133,-3.495154,1.752940,-0.422441,-12.313603,-2.140463,1.181361,1.374176,-0.318665,-0.134003,-6.314563,-0.453531,-0.555843,-3.552803,1.818857,-0.185195,-17.359322,-9.998344,-12.151939,-4.226422,2.337934,4.076243,1.812196,-0.737143,4.971464,2.316881,-10.059509,-3.305107,1.596616,-3.943181,-6.900904,-7.017761,-10.283566,-4.457770,-4.546719,-11.419367,-2.688278,-0.744026,0.183303,-6.884978,-3.777836,0.122354,-1.922148,-2.506759,1.368742,0.852024,-3.584271,-5.276668,-5.509362,-4.138731,0.042470,-0.040270,2.471135,-1.149235,-4.940749,-4.010408,-1.403377,-2.540238,-4.420859,-4.902819,-19.124834,-5.018828,-7.387863,-11.709352,-3.661552,-0.518596,-14.084925,-0.425429,1.212385,-1.738762,-6.512836,-13.156431,-3.359046,-5.746100,0.183236,2.698949,-0.924837,-13.497475,-10.369216,-7.883008,-9.808742,-6.849940,-2.464688,-1.012716,-9.234472,-3.586661,-11.706846,2.093541,3.140901,-1.327112,-14.540325,-5.577897,-6.876935,-14.830904,-8.516175,-2.317282,-7.905899
[0;32mI (3710) ANALISIS_ESPECTRO: Frame exportado | t=3.05 s | pico=500.0 Hz | 44.0 dB[0m
SPECTRUM_FRAME,4.073050,93.750000,31.479713,hann,512,90.286713,84.279564,25.868191,33.467030,29.840355,15.293982,31.479713,30.036793,13.035530,28.397627,29.862633,18.102448,24.701675,29.085133,22.177227,19.678604,26.795473,23.730530,16.469097,22.152763,22.536316,17.730915,16.094048,18.855658,18.234777,15.515756,14.719047,18.928354,18.509668,10.644513,19.492790,20.554552,11.336617,17.634171,20.555321,15.672494,10.834073,18.342894,16.532227,3.833952,14.269219,14.895152,10.756378,10.811018,12.639832,9.841627,10.749831,13.259382,7.346558,12.779384,16.101025,9.956270,13.437584,17.666407,11.530539,9.338206,16.788359,11.196908,1.805254,12.341036,9.482519,11.311312,-1.580554,7.010895,11.463247,-0.330413,7.273338,5.797429,-16.883764,10.138545,9.790929,7.916837,11.989522,12.962203,12.655877,12.330502,12.030970,11.866856,10.429184,8.190709,6.269210,4.157760,2.759146,-3.144282,-2.298409,2.817472,1.225045,-8.811845,5.082330,9.415647,6.483678,1.894950,13.050467,14.208086,5.115004,12.987794,16.335026,11.280671,9.121405,15.054731,11.872219,-1.442221,12.625229,8.453988,-5.412134,12.508763,10.118108,-3.509695,11.845025,13.024125,2.725402,8.521116,12.436599,5.388867,2.768488,9.173015,2.487468,-5.119261,4.611922,-2.437994,0.502320,3.277362,3.620858,5.925733,4.807704,5.750841,6.363129,3.611486,4.282679,3.536791,-2.049702,-0.938913,0.339556,-2.702255,-4.909150,-5.082641,-3.601241,-6.810963,-13.475213,-9.719835,-9.320999,-1.725833,3.534030,2.167562,0.526914,5.822882,5.259218,0.287562,3.341553,4.082622,-2.515393,0.683969,2.036424,-0.044721,3.509950,5.103533,4.341558,4.501251,5.966027,4.788315,2.083142,2.310695,0.556639,-7.170496,-4.298161,-5.804185,-2.725731,0.179767,0.955317,1.525169,0.258251,0.742402,0.569385,-5.370167,-5.591381,-2.920084,-12.865701,-3.243235,-2.817816,-8.469664,-2.270385,-2.130115,-10.357800,-9.729421,-5.939120,-14.634013,-14.492288,-26.601885,-17.688362,-9.023075,-10.431490,-22.307449,-13.741141,-10.162920,-17.521080,-19.023655,-19.366222,-7.388539,-18.179722,-5.589983,-0.214367,-8.993672,-2.521024,3.177015,-3.455335,-4.775116,3.182131,-1.836088,-11.143218,-0.005266,-3.719800,-11.722106,-3.325142,-8.044136,-12.687489,-2.441246,-3.809322,-12.701508,-2.661711,-0.257972,-9.047524,-5.470476,0.255404,-8.080626,-11.177557,-1.420135,-9.136006,-11.725650,-3.731249,-8.617260,-14.211869,-6.229612,-5.047119,-15.181060,-15.356537,-3.502578,-4.289934,-10.376682,-5.912892,-1.272624,-4.831924,-7.230730,-1.830260,-5.300918,-3.269517,-3.262041,-10.147866,-2.791443,-3.721194,-21.611675,-4.705615,-4.778629,-15.175823,-6.150277,-4.749922,-7.954782,-7.480593,-5.603418,-6.597840,-7.534737,-12.472344,-12.085246,-7.262085,-15.491885,-12.034519,-12.544548,-10.733412,-6.488349,-10.843091,-19.081707,-7.442903,-5.463666,-13.506121,-10.533547,-6.389584,-7.908214,-9.399477,-12.490244,-7.782142,-9.494674,-16.531158,-8.795960,-9.580049,-13.102093,-13.749932,-8.571874,-10.725601,-20.156019,-10.457787,-10.971605,-12.292844,-11.838957,-11.339863,-20.296452,-11.879226,-7.627357,-7.251348,-12.825808,-7.105175,-1.931084,-4.749816,-14.138112,-1.670383,-1.326180,-12.074367,-5.818043,-1.638523,-6.276599,-17.545736,-5.195161,-6.545892,-21.276154,-11.119746,-7.301188,-10.651574,-13.217279,-5.553739,-5.681807,-14.211484,-5.071003,-5.584373,-16.746721,-6.716558,-8.321365,-19.386179,-8.419407,-7.139997,-12.143077,-8.420595,-5.370128,-9.456007,-9.398190,-5.991256,-11.548615,-12.450968,-7.619234,-16.274933,-17.594006,-9.159126,-13.101930,-12.635801,-12.917557,-11.279158,-8.864432,-12.740929,-12.969235,-8.439212,-10.125353,-14.531096,-10.169145,-11.051234,-13.560029,-14.042919,-13.359775,-12.834290,-19.109005,-18.213436,-14.213139,-21.981670,-20.318172,-20.471272,-27.840788,-15.573532,-12.032834,-22.239172,-13.167492,-7.748989,-12.306030,-10.273299,-7.074564,-9.893959,-8.184413,-8.109740,-13.666659,-9.138389,-10.113772,-22.298958,-13.388828,-15.730814,-13.900619,-11.748583,-17.239952,-11.826841,-11.367138,-10.885520,-9.192447,-10.916490,-9.623831,-7.769290,-9.126839,-8.322618,-8.220300,-12.449584,-9.137582,-8.705524,-15.275908,-12.933520,-9.167742,-9.904444,-7.419314,-11.114197,-7.232046,-5.384756,-12.128603,-5.323047,-7.398650,-11.084015,-4.993217,-7.558752,-15.178708,-5.882318,-4.789280,-21.787971,-7.237923,-3.639603,-10.474600,-9.771389,-3.003374,-8.902236,-11.318818,-2.418438,-7.245972,-9.243206,-2.441569,-4.658541,-7.996597,-3.187329,-4.277560,-7.489304,-5.267713,-5.905885,-7.709448,-9.056635,-8.576380,-9.526134,-14.269016,-11.676783,-11.695975,-27.437782,-12.223662,-14.221688,-17.921345,-9.842929,-23.018799,-18.555004,-9.651779,-24.744165,-17.541159,-13.521521,-17.480484,-13.118629,-21.268881,-14.135916,-15.362721,-22.706593,-13.397999,-15.583201,-17.024073,-13.949789,-11.007515,-14.634894,-10.960863,-9.162109,-20.571329,-9.136621,-8.102387,-19.029839,-9.546047,-7.001410,-14.159220,-9.951257,-6.275518,-12.565747,-10.714440,-6.088481,-9.029398,-14.916748,-6.546501,-7.221048,-22.408234,-8.225030,-7.054084,-24.555889,-8.765144,-6.786323,-18.101097,-7.342949,-6.395700,-11.221296,-7.734397,-7.660437,-10.149966,-10.638782,-12.390017,-13.988141,-16.133120,-13.869839,-11.620384,-15.437305,-9.747415,-6.982172,-11.151146,-10.223270,-6.703655,-10.723362,-11.545733,-7.199861,-10.751118,-7.724130,-3.840881,-7.609486,-5.996070
[0;32mI (4750) ANALISIS_ESPECTRO: Frame exportado | t=4.07 s | pico=93.8 Hz | 31.5 dB[0m
SPECTRUM_FRAME,5.095419,1046.875000,50.387093,hann,512,90.176628,84.169479,15.366145,27.944393,21.062929,6.980197,13.249369,15.811069,-0.076431,10.925634,15.531019,12.992189,13.674809,18.130304,16.462791,8.575394,17.915421,18.723934,8.840623,13.288469,14.275772,11.877924,9.147254,14.495447,11.319438,3.082962,15.772552,15.616321,-8.035214,15.071229,14.765596,9.324053,2.924830,15.891264,12.600604,-2.460532,16.074160,19.104713,14.638747,12.414392,10.180034,-6.462341,5.897998,14.254271,16.129498,14.220181,16.306067,16.413671,9.359516,15.224295,16.998140,10.723237,-1.461486,8.691890,1.512665,12.244276,12.909056,12.318354,2.050428,9.189052,13.692912,11.463567,4.483050,22.824137,19.472401,30.961283,48.105701,50.387093,39.727341,22.540844,22.190907,13.621222,5.679369,12.097252,10.771358,-11.028440,13.271934,16.465994,17.254761,19.833815,19.133564,14.768736,10.205530,19.208906,17.236298,7.355454,8.675636,-19.244278,2.456824,11.233374,7.404022,-5.433628,10.183321,15.040164,4.445970,14.894077,16.185625,8.126738,-5.766389,8.778618,14.522229,8.580301,0.626107,15.214582,16.980000,15.089146,7.229481,5.423494,8.255184,3.380114,10.210000,12.920874,12.176646,13.059658,9.088513,6.322578,13.527833,13.147712,-0.726050,1.215308,6.681652,12.362952,12.481870,11.412949,8.325201,-12.710291,5.799064,6.149598,3.042898,3.807411,4.144812,7.532180,32.496700,43.613052,42.343391,23.990767,18.565641,3.198708,-0.162816,5.321956,6.669627,5.142629,-3.215345,8.614596,12.482496,16.213867,16.978281,11.658884,4.246425,7.427701,14.546164,11.090860,5.719266,-8.982196,4.978046,7.403422,7.857084,10.273199,4.051260,8.009606,7.135665,6.984537,13.149256,10.948997,-0.560863,-14.263359,6.219681,10.641289,4.013949,6.593209,13.716731,13.427409,10.672608,-4.530641,9.689335,7.183646,3.851421,11.837587,14.025629,13.911678,12.510070,6.241512,-1.986703,8.303834,6.272778,-1.326631,1.060184,5.346997,11.259399,11.742392,9.563130,5.679437,3.886924,9.867295,1.163795,2.686932,2.933975,8.942939,10.576605,33.476299,40.323723,35.163239,10.308819,-0.557764,3.703958,-4.039748,5.839857,6.622662,1.064133,-0.887695,10.231000,13.971540,16.147335,15.268229,10.388897,-7.419541,12.297503,14.403708,8.240963,9.452239,6.186090,8.570782,8.382830,13.158829,14.292622,3.687754,7.065397,1.100156,9.816054,13.545010,9.453850,-4.338516,1.091652,7.645805,8.503750,1.200262,7.446129,13.587552,12.513790,4.137861,10.038451,11.152924,4.729240,3.101211,10.363075,11.434168,12.875313,10.671892,5.076867,3.135225,10.562148,5.416749,0.197180,-0.520855,4.716077,9.406221,7.651176,8.194419,4.959607,6.867287,3.988650,2.573907,6.003918,5.283360,5.432440,16.962879,33.782326,36.934631,27.131428,15.555199,-3.343064,-2.611500,1.790669,8.791825,9.291985,2.770616,3.890166,12.805105,15.474546,16.231445,14.563050,10.181164,-7.903631,9.932080,11.063809,0.512749,4.928794,8.039352,6.275687,7.620871,18.107738,16.427513,-3.060251,4.263019,5.990287,12.239927,11.296350,4.769428,-4.006266,2.029478,9.478848,8.664551,3.210981,9.239080,11.355719,10.289507,4.859908,4.552744,3.686042,-7.066657,5.815012,11.266045,11.065025,10.608126,5.906317,3.010923,2.326427,8.168785,1.276916,2.259754,-15.641557,1.647704,6.618486,6.817515,5.461951,1.816512,8.075882,4.207492,4.127760,5.450036,-0.346519,-5.477743,21.464733,33.155560,32.707668,13.359020,12.762300,0.124162,-0.426469,-0.572204,6.211877,5.805792,-19.342478,6.451361,13.758698,16.773354,16.236271,11.620647,4.392475,4.046657,10.010298,9.235624,4.269123,4.435654,7.298765,5.321812,13.417889,21.326435,16.009117,-0.674487,4.927954,8.569958,12.398287,9.871212,-6.877740,2.007878,5.010103,6.854486,0.954396,-10.094581,6.800064,10.598594,6.789565,3.298228,9.249940,5.529446,0.766571,9.842450,11.155794,11.316977,10.791246,0.413934,3.037931,7.787969,5.653417,0.802688,2.920390,-18.200680,6.487527,7.730566,8.860994,4.730927,0.630082,0.716842,3.791677,9.277214,8.528309,7.002779,5.598783,24.492672,32.098995,28.108404,6.108758,0.320754,5.501553,-6.403773,6.722041,9.274077,5.255587,-2.264019,9.712676,15.096352,16.921810,15.533675,9.366232,-2.217232,5.996031,8.722208,-0.584589,0.482804,2.760379,4.210632,1.199103,20.799461,24.018314,16.054092,-4.611430,0.790951,7.455437,8.851707,4.254707,0.045552,1.190619,7.722556,10.930698,6.120500,-0.283481,5.605233,8.159180,4.260584,7.681893,7.354009,-4.364788,-0.468325,10.723131,11.867046,11.831549,9.165247,-5.427353,0.533068,8.333109,2.306094,2.156832,1.176407,-2.948550,1.886446,5.740676,9.585402,6.655648,1.935164,5.365574,7.986741,9.226838,5.183960,-7.171856,8.304723,25.386686,29.501038,20.665215,11.998041,3.931191,5.332143,0.891507,4.474431,8.243699,-3.772028,4.583698,11.598089,15.510889,16.524414,13.423190,0.688862,2.108259,9.505884,10.697887,3.657024,0.361447,4.076132,8.437265,10.649210,26.292820,25.427694,11.567117,2.952274,4.713693,9.195110,8.025410,1.063950,4.663206,6.015866,7.943910,5.472861,-0.631250,-4.032201,3.312048,7.576488,-6.203697,7.834510,6.208570,-10.500497,8.304646,12.477478
[0;32mI (5740) ANALISIS_ESPECTRO: Frame exportado | t=5.10 s | pico=1046.9 Hz | 50.4 dB[0m
SPECTRUM_FRAME,6.117774,1046.875000,49.915443,hann,512,90.183556,84.176682,11.616650,28.790751,22.890900,8.023242,15.183692,14.301550,12.794767,16.436548,13.568248,9.255173,13.367613,12.632414,7.191460,14.506395,18.781750,13.165073,13.738466,16.971722,14.336444,11.757001,13.823146,1.868491,17.421940,20.562122,15.122727,7.542934,11.914760,15.640927,11.452168,11.981895,17.253178,13.849508,1.793821,5.885673,-4.460969,17.517689,19.786470,16.179193,14.890284,21.496094,21.633717,15.328611,14.042934,12.731991,2.308041,2.356404,4.211656,11.096861,18.854782,18.011421,7.315462,10.124354,15.248899,15.288685,10.032152,9.126515,9.265463,1.495326,9.182007,-0.391406,9.760374,23.110924,20.788811,30.652540,47.598747,49.915443,39.089989,18.921959,25.100845,16.068142,9.952386,14.105214,12.520512,17.017818,16.416265,9.438354,3.955252,11.203028,10.255192,3.724096,16.576632,20.642843,17.203051,14.857411,13.862474,11.564574,7.445019,5.110142,13.048487,23.397924,24.372293,18.979126,14.336843,15.948841,16.669228,10.976126,16.802807,17.531832,9.978254,11.644177,13.819281,10.198847,17.921412,17.373062,15.808801,19.448652,24.344810,23.188667,15.505627,6.568018,1.507298,3.177890,8.650470,12.882825,17.753035,19.484854,12.946222,-2.821847,6.044821,10.160002,9.703013,5.141758,6.781854,14.177979,9.432533,5.098374,4.051323,10.726049,13.443933,13.777742,31.954872,42.949963,41.760689,22.255829,19.977091,7.744166,6.702262,4.912634,8.140843,9.680694,13.482210,8.684353,1.502094,5.545597,7.431473,4.826855,0.539152,13.128250,16.170326,11.234243,2.869523,5.842956,0.731288,-7.517611,-0.239673,15.095366,21.509085,20.776791,14.687824,12.396072,12.084613,9.500452,5.954848,13.667501,12.515468,5.740158,9.594754,10.089502,9.119648,16.166668,15.013010,14.173466,19.873487,22.154339,19.033468,9.672322,-5.902637,-6.863374,1.869059,8.935344,13.424916,17.058628,15.978535,6.074011,-0.729762,6.957552,9.387148,1.167908,-9.624866,11.146031,13.403611,7.635742,5.810274,5.545804,-2.029071,7.070305,15.662609,32.110271,39.006416,33.967701,15.627710,-0.232152,6.864350,6.811099,1.918767,-4.623422,3.857162,9.373838,4.312327,2.054528,3.118412,3.148523,-6.132094,6.824317,14.114312,14.145617,7.389547,0.060515,3.287361,-2.801832,-23.919701,8.252126,18.072760,21.226448,18.690437,12.562090,12.282720,12.856693,8.305281,11.117750,13.858067,9.062978,4.921000,10.264916,5.855187,12.743675,13.717505,10.638905,12.054301,19.809410,21.550095,16.778763,-0.072061,3.923263,-2.056157,5.692479,10.998130,14.443084,16.187141,13.768715,2.732112,0.808849,7.528214,10.754766,5.948498,3.811507,13.450167,12.814422,6.961861,4.976355,-2.843216,7.483201,8.960072,17.897694,31.719606,35.004887,24.752235,18.853565,4.769843,-2.873010,1.820588,3.902137,0.963685,6.830098,3.196973,1.041074,1.389831,4.829373,1.012460,-13.304919,8.244438,11.954112,8.855948,-4.357411,-2.082186,-0.461252,1.150462,-2.815950,12.267207,18.191128,19.139290,13.315619,5.841232,9.937984,10.367147,-0.448606,9.686137,10.817934,4.634802,5.812353,8.476977,3.750848,10.950499,9.838067,9.209947,11.801146,17.768251,17.185518,8.888976,-5.063522,2.033690,1.319048,6.391681,11.328088,14.258020,15.095540,9.200666,-12.481217,1.470259,7.389937,3.916606,-14.142872,4.498776,11.249002,8.824388,6.126621,6.022803,2.706800,1.259389,8.250498,19.886942,30.066582,30.046043,12.460482,14.799263,-3.591018,-2.514974,-3.955876,-0.249040,1.581603,3.871118,0.606601,3.322032,2.255211,7.361670,3.034696,-1.594991,6.806721,6.292703,-0.503707,-8.024600,-24.219994,2.583888,2.503530,7.315980,16.576126,18.537621,17.809326,11.967289,7.034369,6.773735,5.518023,-0.535708,8.992038,8.744795,3.288236,4.144433,5.244302,4.351629,8.662234,5.625498,4.164771,11.307759,15.267406,12.485446,-5.695033,3.353552,0.845738,-1.574790,4.515109,9.046406,12.394551,12.519445,5.038568,-8.824026,3.036839,5.345540,3.502903,1.009841,7.045299,8.956761,5.959995,6.089198,5.000846,3.817089,5.072817,9.794162,20.931484,27.796343,23.920317,9.148049,8.768463,-1.696503,-17.489418,-5.776433,-11.339730,-9.662416,-6.749465,1.095941,5.650462,5.125171,6.256602,-5.086334,-5.489988,0.484440,2.254592,0.432720,-9.657600,-10.095688,-0.807916,-5.305909,13.366021,18.300463,17.850859,13.753235,3.747256,2.733363,7.000232,1.605119,0.164352,2.732213,1.375804,-11.460978,2.332647,2.062375,2.509581,7.463780,5.993862,-0.333031,8.411224,12.441799,7.709140,-3.610419,3.166006,3.220570,-0.152178,-4.006999,1.235633,8.537690,10.042400,-0.122880,-4.092327,-0.058125,-0.130950,-2.986982,-0.905903,2.782626,-2.979036,-10.130461,-0.477659,2.479577,3.564272,5.446788,13.733726,20.720554,23.833870,13.617886,12.032173,-5.804477,3.429621,-4.664760,-3.590158,0.640026,-14.564361,-6.737979,0.672754,1.604068,2.214411,-0.830168,-12.280178,1.395733,4.876158,2.914298,2.372375,0.789215,-17.462864,8.644102,-0.463564,19.389849,19.875921,15.718496,9.059533,3.742249,5.788952,5.858543,0.498206,-2.086030,-6.953706,-4.240118,-8.096062,-5.510941,-9.106494,0.354536,-0.210781,6.751451,5.738568,-2.681627,2.887469,0.663008,-2.958797
[0;32mI (6770) ANALISIS_ESPECTRO: Frame exportado | t=6.12 s | pico=1046.9 Hz | 49.9 dB[0m
SPECTRUM_FRAME,7.140133,1046.875000,49.950558,hann,512,90.182404,84.175888,21.606348,28.580986,24.325260,9.233645,-4.067554,3.321918,5.104849,5.547585,5.255740,1.140325,-0.937008,-7.223816,-10.524945,-5.444305,-0.328992,-26.809158,-11.147213,-5.601100,-1.428282,7.911669,14.011044,7.649747,0.055308,-1.415108,3.327820,3.600304,-6.913021,4.519295,3.065939,-1.459388,-2.997693,10.032867,11.477555,-3.243142,-4.953518,1.474971,-2.285277,-1.637268,7.230621,7.824174,10.256475,11.353045,6.022041,3.751725,-1.806382,-3.318983,5.374361,7.481039,6.339214,-2.195207,5.735508,3.521638,10.552198,7.965677,-1.455182,5.108485,9.541043,3.279844,-5.265688,8.403786,14.933148,22.257883,20.375034,30.655270,47.885887,49.950558,38.890324,22.542919,25.724609,16.502033,9.214601,3.014110,7.453320,5.482940,-5.507653,5.792623,5.977738,12.606926,8.925718,4.673558,1.528185,6.264188,7.328253,3.552216,-10.258327,-11.450149,10.726371,13.531538,4.646261,10.044728,8.159668,10.366144,6.939845,-2.994115,5.563646,6.249972,4.204735,8.957209,16.133167,12.268705,-10.160427,0.045712,2.162416,-8.429193,7.852081,10.690439,8.949926,9.340740,8.479850,6.932005,-0.320507,-1.188982,3.073268,8.425595,9.934286,5.005035,0.658952,3.957995,6.184428,10.977049,5.301429,3.655146,-1.584708,6.424871,-1.127373,4.540867,8.981264,6.461994,11.467045,18.986595,32.840195,43.312950,41.700405,24.243738,17.697546,6.944499,4.305088,6.105837,-1.461114,5.398636,1.157905,-1.477808,2.073875,6.791703,11.795265,7.377977,4.117235,-9.898163,8.338285,8.088955,3.342862,-6.360473,-2.558073,8.422245,5.591166,7.429916,10.150781,7.869427,7.526098,6.105457,-11.100965,1.908774,3.342635,2.020019,10.528328,13.403599,4.418540,-3.270600,-7.941278,-2.174857,-4.355622,3.105521,5.309548,6.692095,7.530286,5.420082,3.884303,3.179407,-1.878743,3.842430,5.367084,8.430397,1.047659,2.033399,1.271283,7.085805,9.303049,5.787189,5.485680,3.414762,3.368146,-0.843676,4.220315,6.068578,2.651948,6.083252,18.964121,33.333485,39.500061,33.856224,20.416531,12.800073,8.288549,2.823968,5.490137,4.314583,5.364834,3.332060,0.686300,-4.175836,10.115715,11.149302,6.916762,3.447657,-9.321972,2.912185,3.724130,-2.838452,-20.476593,4.033554,9.346043,0.474749,6.423101,6.596216,7.228158,5.955219,0.677709,0.756480,1.285934,2.816395,2.541642,11.425637,11.998166,-3.567996,-4.742222,-3.639121,3.579056,0.482935,6.258945,4.648817,6.143008,6.040651,6.262177,4.200051,-0.627186,-4.989994,3.758519,4.526291,3.314409,-2.510417,-0.420132,3.758197,8.973694,7.308875,1.393813,0.158771,3.998530,-3.959885,-0.844196,6.587355,-0.240580,3.532355,13.328638,21.171524,32.825867,35.431156,25.395144,18.252356,-1.489322,0.353083,5.356195,-0.657416,0.619939,1.171173,3.027637,1.697421,-0.336233,10.385343,8.764547,0.414493,-11.082321,1.254528,0.336150,-6.436358,-6.506651,-15.235857,5.950115,7.170632,-7.442702,3.952298,-0.772490,1.852038,2.697786,-3.669827,-1.378275,-7.366579,-0.760483,5.523177,11.898112,8.831511,-25.938942,-10.410873,-11.015654,-1.135818,-0.976171,3.389126,-0.765091,3.521663,3.377476,1.889321,1.374674,-0.472742,-7.269040,3.188144,6.496007,2.364530,-4.913002,-0.187224,3.284910,7.064084,-0.822366,1.893766,2.839451,4.304775,-1.378505,0.269804,5.044040,-5.803517,-1.802155,13.059744,22.389372,31.209583,30.116709,16.964830,13.848837,-0.278916,-2.246504,2.790272,-2.313556,0.542301,-3.873081,1.698971,-2.757222,4.718847,9.735807,2.626746,-7.944727,-5.651939,-5.139971,-5.064856,-6.691641,-3.279011,-4.978461,7.737453,9.033344,7.936687,-0.794184,-8.964845,-3.064698,0.732893,1.373390,1.373659,-5.659547,-4.470627,7.285813,9.298297,-0.985380,-7.613883,-7.954164,-3.635802,1.697165,-2.286058,0.025250,1.709090,4.288168,2.259845,1.951574,1.979021,-6.769247,-9.700368,-10.406528,-1.897918,-3.098415,-4.989756,-1.320821,1.259629,2.619225,0.731913,0.683509,5.601521,0.381780,-1.733262,2.615738,-2.317558,-3.399270,7.400193,15.015862,22.605650,28.455357,23.482487,15.476456,7.776382,0.713007,3.739060,1.199838,-6.551311,-2.557392,-5.411198,0.237001,1.503842,-5.904744,3.910755,-6.621091,-16.998356,-11.181693,-1.465102,-0.882744,-1.056769,2.334166,-8.185039,9.806740,13.177383,14.925121,7.955318,2.051862,-5.349910,-5.930786,1.498624,3.085625,-2.220834,2.193040,8.455449,7.327631,-5.488319,-11.798277,-11.531511,-9.154808,3.308184,2.675256,-8.156823,0.459712,2.398308,0.256267,1.419259,2.077993,-8.223248,-4.983849,-3.358657,-13.165068,-6.126318,-1.293749,-1.629300,-0.121956,-16.756271,-4.716506,7.227897,9.615222,0.808563,1.469983,-12.521183,-6.844354,-10.142656,4.031467,13.459444,21.539509,24.372990,16.431581,14.443365,-3.885515,-4.425270,-3.891647,-5.258776,-4.075437,-8.642866,-1.740563,-1.488736,1.600102,2.070580,3.301527,-5.101560,-12.080547,-4.236617,-4.790641,-0.603902,-1.464830,-2.723603,8.106253,13.907505,20.145924,19.623140,11.814102,3.691930,-6.927415,-14.329210,-0.265126,-9.217582,-12.324980,5.326390,7.543682,-1.015251,-1.876503,-13.939920,-7.391176,-4.695125,1.544356,-0.627757,-10.257011,-9.704550,-8.076517,-5.824846
[0;32mI (7790) ANALISIS_ESPECTRO: Frame exportado | t=7.14 s | pico=1046.9 Hz | 50.0 dB[0m
SPECTRUM_FRAME,8.162497,1046.875000,49.896072,hann,512,90.184937,84.178078,25.164268,26.247213,23.052118,-2.553911,5.442626,-7.368059,-1.942777,-17.868921,3.344077,4.573541,5.381741,4.765852,0.924747,-3.791968,-2.216262,-4.489902,1.755772,-2.261946,-3.716140,-1.114090,5.242801,9.202435,9.305439,7.722392,4.183702,1.779092,2.814177,4.385743,5.916493,3.939948,-1.646509,1.188324,1.585620,-7.359184,4.452272,10.046166,11.182375,8.223671,3.048091,4.725956,-3.268850,5.289037,7.611875,5.409817,4.528384,7.778239,4.663037,-4.238112,-4.992091,2.432684,5.614353,8.009340,3.832607,0.980215,-2.700331,3.569520,3.188500,2.586803,-18.188980,9.940831,0.187535,19.985601,24.990082,27.244911,47.477562,49.896072,39.692139,23.806955,23.067822,11.607629,7.546848,7.297813,-3.430020,7.912762,2.795441,-10.352701,6.550793,10.218130,11.775667,5.449722,-1.375505,-7.309190,2.306878,6.151606,6.730559,3.895080,2.350214,10.939077,13.654537,11.659279,11.700781,8.082522,6.319623,9.291137,9.366978,5.855126,-6.807754,2.966161,2.778288,1.107218,-5.951299,5.470481,11.774607,11.950899,7.198086,5.527588,9.697866,6.011040,5.799515,6.524940,0.703941,3.606692,6.700356,4.853981,1.720072,-13.263716,-0.692032,3.639102,7.801058,6.586742,3.281985,-4.760357,1.778637,3.688037,2.054569,-6.083513,6.153026,-1.551776,6.497925,18.323368,31.064171,42.976830,41.922165,27.417524,4.558721,13.769374,5.659389,2.062313,-16.619673,3.749745,5.333649,3.970441,-5.863704,2.541619,5.337034,6.261561,-12.562630,-3.782987,-6.641143,-0.025774,-1.394225,1.791940,-3.147826,8.322009,13.459510,13.912063,10.815157,10.531126,4.861150,3.421061,8.198689,5.672055,-6.148287,1.002455,3.120166,-3.646707,-0.337102,-6.038806,1.349243,6.905900,7.403695,4.386817,0.712917,4.010912,2.599165,3.505859,2.528748,3.146472,6.247293,6.062766,1.263703,-2.386350,-3.851064,1.136775,6.504264,7.220971,5.075961,-2.155327,-5.033226,4.397869,7.119035,1.405786,-0.172178,6.534027,8.152089,11.199899,17.293753,31.586124,39.109032,34.602169,19.577351,6.003523,-2.185522,7.149989,6.358515,-2.990415,6.775033,3.816398,-5.525221,-1.573055,2.565066,8.496726,8.615894,1.712404,-11.796674,-9.215694,-0.277022,-1.260205,-2.072557,-7.793914,7.725825,12.262552,11.881251,9.609673,10.080536,6.816655,3.922651,6.537160,4.948007,-3.224729,-0.877877,1.988364,2.010075,1.741654,-15.498122,2.881346,6.810966,8.010605,5.202785,1.462397,-1.431221,-7.268709,-0.598486,1.894007,4.816167,5.630413,4.645647,2.043090,-9.423422,-3.941399,-4.064120,8.225375,8.886188,5.029064,-2.120750,-3.967264,4.267396,3.233954,0.256853,-9.080511,-1.977064,4.152123,5.239154,19.360525,31.347618,35.083763,27.356461,13.374716,9.096210,5.800018,3.898690,3.969413,0.425392,2.770769,0.276122,-4.787539,-1.734080,4.027918,8.265802,5.930902,0.262532,-3.224506,-7.092090,1.367411,-4.631217,-8.930639,1.203733,8.882939,12.633496,9.720647,7.022249,4.437328,1.038230,2.611331,3.020646,-7.213229,-1.391348,3.019619,-0.058281,-2.438833,-4.520593,0.069401,5.422708,4.922304,5.187026,2.568908,-5.275184,-6.188183,-19.145908,-3.603828,2.947007,3.127638,-0.848661,-0.734473,1.315101,-3.396411,4.756948,-8.731269,4.636674,1.925458,-1.346339,-26.296551,-1.653135,1.494199,-3.136967,-4.197239,2.023838,-2.148656,4.720371,7.544961,18.658001,29.679394,29.955868,19.441841,7.098936,3.979743,0.470543,3.789963,2.701603,-8.293745,-1.528529,-9.865225,-3.166874,0.492987,5.198254,7.969226,0.207550,-8.861394,-3.870813,-5.964083,-1.534308,-4.701158,-1.411494,1.729520,6.007624,8.297044,2.819800,4.424044,5.013692,1.445817,3.011777,0.796358,-7.194093,-3.029263,-6.392233,-6.783486,0.680496,-4.536796,1.115262,6.193594,2.179392,1.323607,-1.529619,-6.674440,-3.186237,-3.313130,-1.319114,5.750699,2.253321,-3.358981,-3.337590,-2.806845,-1.475410,3.320223,-0.214813,5.221183,4.692019,1.091803,-11.179739,-5.570633,-1.021373,-6.487928,-6.433464,-2.059030,2.379066,4.086249,10.428072,18.937916,26.950665,23.993547,13.561966,-13.786664,5.840910,-4.842853,-5.618508,-6.903229,3.805783,0.433555,-12.651304,-0.566480,-0.167394,4.767061,5.189843,-2.408204,-2.976776,-15.134393,0.205249,0.891098,2.289319,-1.230063,-0.719013,5.924939,7.536161,1.148550,2.139740,0.378165,-3.808078,-2.954254,-11.189659,-5.952740,2.611909,4.132742,4.400564,-1.427201,-0.417229,4.319598,3.022036,-2.632107,-14.250441,-8.267656,-12.071696,-9.580025,-4.511638,5.217953,2.988880,0.218955,0.546976,-2.134013,-7.435300,0.123491,2.113663,-0.447666,3.669394,1.424172,-5.409813,-8.770724,0.403310,-0.489971,-2.316190,3.951966,2.074311,2.326880,-1.455906,9.048377,17.843672,22.666300,16.237822,7.494788,2.049664,3.817567,-7.217932,-4.095707,-5.684087,-0.602975,-12.212093,0.850315,-1.790203,-3.443017,1.584354,-10.304548,-2.391490,-0.376567,-19.486549,-5.944219,-4.712146,4.011969,-5.935919,7.626588,16.074471,13.835283,7.074720,-2.475417,-1.104548,-2.481184,-1.166593,-1.925707,2.628138,4.796255,3.535423,0.478726,-21.235275,2.698172,4.093477,4.413821,2.434850,-10.590807,-6.352070,-2.104452,-0.422170,3.828874
[0;32mI (8810) ANALISIS_ESPECTRO: Frame exportado | t=8.16 s | pico=1046.9 Hz | 49.9 dB[0m
SPECTRUM_FRAME,9.184866,1046.875000,49.951767,hann,512,90.185249,84.177895,26.654482,25.565620,24.331724,-9.175172,5.169437,1.746544,-0.136540,3.931813,-6.532550,2.617075,1.022330,6.130865,4.356804,-2.605586,3.536001,2.486224,4.024308,4.744177,3.398331,6.092611,4.237297,0.052341,4.391577,1.150246,2.409743,5.045876,8.298943,7.232799,5.575095,-0.534593,-7.756203,1.794441,5.372312,6.516334,6.031522,-3.291539,2.130662,7.663331,6.808344,-0.376986,11.172833,11.990696,11.496933,7.553239,1.762989,2.859939,4.208232,3.074145,4.749638,-0.793923,3.985586,8.722748,11.664805,9.441168,5.416284,-15.382120,10.052552,11.329241,3.667696,2.768807,13.541405,21.113718,26.874107,24.683210,47.199894,49.951767,40.373631,25.797386,22.162170,12.224266,5.347033,12.175384,11.076134,12.269285,7.273490,6.912284,12.051988,14.884340,14.095918,8.783025,-3.300603,6.155081,8.650829,10.998482,9.909019,8.660872,10.945757,9.533226,15.622814,12.709524,0.657212,5.779041,11.062519,7.403288,3.432863,9.302012,5.816610,3.239710,4.262519,6.609733,8.845825,9.825113,3.177642,4.143044,10.576116,6.650212,3.012591,11.373375,12.752360,8.595745,3.700048,3.421242,6.935115,8.633919,6.648913,2.648339,-6.314147,6.592515,11.411757,13.213047,8.846040,3.170380,2.523619,11.363811,8.270861,-0.074334,-11.153679,8.638460,1.144862,20.051113,29.137098,42.662781,42.193336,29.420996,16.476799,14.698981,8.562260,2.178114,5.295467,8.443308,10.968795,0.135995,4.188751,8.916303,12.874154,11.195617,3.988125,-13.319010,-0.546920,5.921340,7.796668,6.138494,7.591069,11.195944,11.138618,14.925234,9.334140,3.481936,2.512180,5.990527,-1.644971,2.208092,6.058123,3.950272,1.367804,1.795621,4.541358,6.733699,6.999939,-2.597654,0.388266,6.940631,2.554000,0.040254,9.834587,9.643313,2.834341,2.273587,4.288365,4.788295,3.424807,2.610042,-4.549279,-6.333272,4.801417,10.192513,11.540363,5.336540,1.352011,0.369611,8.378352,7.858269,6.632984,-1.328865,11.142290,13.185444,20.129074,29.852699,38.817101,35.264656,22.236090,13.618969,-9.208338,2.479312,5.847902,8.898498,10.698042,10.136127,-1.066686,5.751514,8.810277,10.552315,8.301097,1.151290,0.402730,2.820114,5.050316,6.970647,6.680945,8.339569,8.476096,12.441704,13.081050,2.687299,5.424781,6.433096,4.562132,-3.563323,2.373930,1.252012,-2.285826,1.700890,4.862053,5.952649,7.366127,2.814035,-7.197929,2.884891,4.426147,-0.423434,-0.631108,5.943047,5.843587,0.573029,0.678651,4.656362,5.385917,2.359615,-1.717969,-6.924088,-12.043351,4.219293,10.211311,10.953028,3.648557,-5.979939,7.976196,9.013233,6.593789,2.457129,-1.322908,6.730622,3.459366,17.727272,29.824966,34.901299,28.683207,18.905685,11.675423,9.846457,4.323015,1.134777,3.787958,7.935993,3.300079,2.358785,1.407985,7.653728,9.555799,5.884408,-3.136189,0.027023,4.076432,5.443772,7.491354,6.510289,8.293016,8.851673,12.805667,11.523783,-1.484203,0.289674,6.259737,3.813464,3.230955,1.580112,-9.079240,-15.762215,-2.922021,3.267024,5.275789,5.974576,-3.884822,-0.728772,4.977167,0.881072,-4.434521,0.827037,0.420109,-1.635811,-6.345383,-1.707170,0.431183,-10.291397,-6.526539,-3.844449,-1.586002,-5.543595,0.024042,8.116660,6.642230,3.049041,-6.235741,6.519827,6.620695,6.477509,5.099091,1.915238,8.663641,10.661794,14.504375,28.504583,30.344299,22.117683,11.818552,0.130932,5.346148,3.741651,6.485271,7.228351,9.321141,2.086650,4.277392,3.678882,4.536637,4.688853,-0.570676,-8.295404,-1.126551,-0.158142,3.369384,6.834292,6.057335,4.245489,0.040008,8.197672,4.983506,1.265971,3.417815,5.364563,1.035861,0.426755,1.695852,-2.271714,-0.370957,-0.029475,-9.681059,3.744600,4.708055,1.529502,1.143238,3.805349,-3.738103,-0.417506,-1.280868,-4.635910,-9.949690,-4.597175,-0.929345,-1.381376,2.705138,-2.880801,-2.842406,1.482411,-7.000451,-0.118078,4.800306,-2.442603,-1.741293,-3.229491,3.514163,4.456859,4.038785,-0.344900,3.357689,6.163653,10.513494,14.214895,25.879477,24.738148,16.220716,5.761316,-1.397790,2.168497,0.126318,2.864648,2.657650,5.288238,-5.501532,2.130672,0.356608,4.788684,6.293890,4.161518,-9.902989,2.984275,0.873365,-4.249479,-3.998311,-5.253434,1.871301,4.183129,-1.569061,2.876520,-5.701806,2.373867,-0.763665,-6.274394,0.857786,1.534101,-3.756970,-5.340066,0.767720,-5.784154,1.842546,1.457086,-0.416463,-2.509036,-1.852984,-12.580180,-1.011144,-0.854815,-3.482481,-4.470332,-6.499091,-13.052741,2.255010,0.189455,-6.897927,-9.177145,-4.818804,-13.110394,2.111799,2.156512,-9.520673,0.745170,2.784092,3.529314,2.002335,-0.072992,-1.099084,2.304780,-0.158418,10.347861,13.121017,21.866686,18.492769,11.447677,-1.348996,-1.784986,2.902829,4.067985,2.561553,-2.998236,3.020687,-6.122816,-7.803370,-1.909368,-0.161020,1.956472,2.657571,-3.107936,1.864948,0.686774,-0.428605,-2.687471,2.792389,11.445444,15.945034,8.782503,5.348728,-5.169049,-4.056029,-9.219069,-5.297291,1.036358,0.043589,2.691112,0.771527,-4.781217,-3.096109,4.126396,1.471579,-0.423598,-8.566951,-7.523422,-1.166328,2.676116,-1.465004,-18.622852
[0;32mI (9830) ANALISIS_ESPECTRO: Frame exportado | t=9.18 s | pico=1046.9 Hz | 50.0 dB[0m
SPECTRUM_FRAME,10.207217,78.125000,1.750326,hann,512,90.300484,84.292572,20.548298,12.010646,6.930666,1.750326,0.182381,-4.266898,-5.723352,-6.382000,-13.150507,-8.420490,-15.358480,-12.533874,-12.460133,-23.069981,-12.387083,-22.381105,-15.234406,-15.728955,-22.727736,-14.551183,-23.881813,-16.378914,-17.523457,-20.988657,-15.892543,-22.649710,-16.947666,-18.547960,-19.985172,-16.886635,-21.568468,-17.226852,-19.100662,-19.368402,-17.449726,-20.811573,-17.560146,-19.427588,-19.006418,-17.899527,-20.313540,-17.742674,-19.592333,-18.774080,-18.259111,-19.965891,-17.908276,-19.655548,-18.663010,-18.512091,-19.740376,-18.051712,-19.660753,-18.613077,-18.685902,-19.563820,-18.208340,-19.621174,-18.617527,-18.838537,-19.402805,-18.532467,-19.503345,-18.884390,-18.957869,-19.254457,-18.532091,-19.475008,-18.660774,-19.086933,-19.140934,-18.665703,-19.414619,-18.678707,-19.192312,-19.037746,-18.795412,-19.377323,-18.698118,-19.288124,-18.988979,-18.909920,-19.393494,-18.712385,-19.331261,-18.943958,-18.980085,-19.399456,-18.750763,-19.396416,-18.979313,-19.024580,-19.363571,-18.825392,-19.401636,-18.955643,-19.072617,-19.339411,-18.891523,-19.384897,-19.047314,-19.146725,-19.301992,-18.983290,-19.369865,-19.063616,-19.228645,-19.256092,-19.088093,-19.352592,-19.077908,-19.309982,-19.230606,-19.175713,-19.398178,-19.098751,-19.404247,-19.217955,-19.231340,-19.455360,-19.111305,-19.477953,-19.228079,-19.276665,-19.482777,-19.243694,-19.501873,-19.153759,-19.304577,-19.513161,-19.192675,-19.535933,-19.331524,-19.367191,-19.534811,-19.260183,-19.547318,-19.388922,-19.411758,-19.529091,-19.363281,-19.541317,-19.435265,-19.474592,-19.525766,-19.452530,-19.579721,-19.458429,-19.586813,-19.513697,-19.534271,-19.636063,-19.476469,-19.682146,-19.530426,-19.591105,-19.697613,-19.500544,-19.764917,-19.542305,-19.632523,-19.761051,-19.526731,-19.806738,-19.633579,-19.682135,-19.827957,-19.579885,-19.838789,-19.715126,-19.717844,-19.863028,-19.660412,-19.847008,-19.785561,-19.759167,-19.878065,-19.771914,-19.886261,-19.835947,-19.859121,-19.893826,-19.867825,-19.940865,-19.874910,-19.967228,-19.905197,-19.952816,-19.988482,-20.014240,-20.062847,-20.021593,-20.014074,-20.066793,-19.937422,-20.149776,-19.997471,-20.068466,-20.150066,-19.972925,-20.201771,-20.063774,-20.106401,-20.224251,-20.053732,-20.234562,-20.155161,-20.149839,-20.292698,-20.137379,-20.278244,-20.242502,-20.225468,-20.310003,-20.254099,-20.327749,-20.317478,-20.320301,-20.356407,-20.353310,-20.375872,-20.380899,-20.413893,-20.375357,-20.446928,-20.448334,-20.414677,-20.535786,-20.428333,-20.528524,-20.547756,-20.446157,-20.626936,-20.496628,-20.578594,-20.647976,-20.509377,-20.686737,-20.575249,-20.612795,-20.736914,-20.592510,-20.766153,-20.690481,-20.688868,-20.792788,-20.698278,-20.813379,-20.792854,-20.764353,-20.853796,-20.799812,-20.852201,-21.017319,-20.853825,-20.682133,-20.912161,-20.931986,-20.939106,-20.973270,-20.938953,-21.034130,-21.005268,-20.988644,-21.100975,-21.001465,-21.093748,-21.104849,-21.048325,-21.182289,-21.086218,-21.155609,-21.219790,-21.119783,-21.287323,-21.185623,-21.228233,-21.313248,-21.195206,-21.361515,-21.297510,-21.304249,-21.409903,-21.310694,-21.408905,-21.424807,-21.392830,-21.479132,-21.427738,-21.473864,-21.507273,-21.493464,-21.519440,-21.557377,-21.557417,-21.584244,-21.608307,-21.585531,-21.667400,-21.643059,-21.646309,-21.730490,-21.645390,-21.752331,-21.754639,-21.718742,-21.842243,-21.743015,-21.836121,-21.860209,-21.785362,-21.950453,-21.859560,-21.915241,-21.988623,-21.888754,-22.023117,-22.091761,-21.988266,-22.121517,-21.992928,-22.085487,-22.094614,-22.075363,-22.162296,-22.141945,-22.150106,-22.194889,-22.179646,-22.225269,-22.250801,-22.245722,-22.291798,-22.296993,-22.293324,-22.358021,-22.340939,-22.378408,-22.434559,-22.369497,-22.476112,-22.447367,-22.433073,-22.557007,-22.475636,-22.566456,-22.574799,-22.524775,-22.656971,-22.565491,-22.626410,-22.688448,-22.616070,-22.744316,-22.689344,-22.715189,-22.806147,-22.730835,-22.823927,-22.812386,-22.806532,-22.886667,-22.858782,-22.893858,-22.934689,-22.884743,-22.962511,-22.964748,-22.966629,-23.032541,-23.046597,-23.033094,-23.109266,-23.064667,-23.116192,-23.179276,-23.111658,-23.209751,-23.188143,-23.177738,-23.254183,-23.189201,-23.314262,-23.326418,-23.273796,-23.379297,-23.311502,-23.389145,-23.416294,-23.365671,-23.476019,-23.414322,-23.449047,-23.530781,-23.462477,-23.549294,-23.539608,-23.526287,-23.611263,-23.566338,-23.619137,-23.652832,-23.631321,-23.688194,-23.694181,-23.679192,-23.752363,-23.743061,-23.749889,-23.807934,-23.766489,-23.831467,-23.842831,-23.789827,-23.906216,-23.844894,-23.891287,-23.958065,-23.913134,-23.994247,-23.972687,-23.976534,-24.046154,-23.979263,-24.064018,-24.071035,-24.034611,-24.135395,-24.087934,-24.111071,-24.168201,-24.104416,-24.214077,-24.186520,-24.188438,-24.252155,-24.214458,-24.256882,-24.289940,-24.259525,-24.318611,-24.316017,-24.305191,-24.361208,-24.331282,-24.462772,-24.409222,-24.368683,-24.430342,-24.419767,-24.420486,-24.489641,-24.430464,-24.487446,-24.492186,-24.448677,-24.534922,-24.495546,-24.526541,-24.585541,-24.518955,-24.585390,-24.595156,-24.562027,-24.657509,-24.637093,-24.660570,-24.576990,-24.540081,-24.654667,-24.650311,-24.658932,-24.712660,-24.671967,-24.720055,-24.716311,-24.692657,-24.709299,-24.726736,-24.699669,-24.763983,-24.724491,-24.767141,-24.773251,-24.729252,-24.797237,-24.729364,-24.767670,-24.800140,-24.762634,-24.817133,-24.801250,-24.789465,-24.829288,-24.779057,-24.807953,-24.837006,-24.805506,-24.864738,-24.826880,-24.826727,-24.853142,-24.779076,-24.850498,-24.853401,-24.826626,-24.886299,-24.823601,-24.844608,-24.855154
[0;32mI (10920) ANALISIS_ESPECTRO: Frame exportado | t=10.21 s | pico=78.1 Hz | 1.8 dB[0m
SPECTRUM_FRAME,11.229584,500.000000,36.341190,hann,512,90.280197,84.272827,21.621532,21.971014,18.689043,2.871501,0.511322,7.589435,12.155216,10.463280,5.454354,5.340696,6.106741,10.164690,9.613394,9.018380,6.841024,9.859863,11.010632,9.526891,6.284944,-2.879534,5.686603,7.895215,14.475602,3.087877,3.738684,6.919993,11.917713,19.529572,13.899578,26.747694,36.341190,32.820068,12.270292,20.467525,19.519617,3.537250,-2.320337,7.709171,10.358099,10.023567,5.689445,2.044829,8.612843,8.326698,7.915977,7.516981,5.356486,10.266546,12.165216,8.845146,6.837116,-0.082122,2.024989,3.734472,12.975536,3.614452,7.126427,4.288072,2.290892,12.690082,10.923012,17.500778,32.107807,31.016987,15.868130,16.108955,16.952658,7.270822,0.869362,8.113183,4.953300,9.344307,6.548553,-4.157154,7.145820,6.263246,1.811158,3.528950,1.360784,7.402349,11.857019,8.656918,4.569624,4.327039,-22.136471,-7.116734,7.523833,3.232611,6.207778,1.903308,1.516811,-4.316980,-6.100485,4.673734,23.967447,25.133858,12.705072,8.430672,8.610686,0.874807,-2.036698,4.866043,-4.734938,3.847819,5.483603,-4.708178,5.943848,4.323447,-4.342534,-6.688919,-7.219527,0.273012,8.271051,7.091674,2.324430,1.721230,-3.127718,-2.200709,-6.881237,2.680934,3.236098,1.363233,4.711336,0.194849,6.034935,4.893710,9.280636,7.888311,1.680196,4.586407,5.307474,1.556882,-1.561635,-7.294745,-2.023768,-13.379273,0.684959,0.603571,5.174266,5.368370,1.634726,-4.174730,-13.718472,-4.863175,0.630521,1.958285,1.100782,2.631145,-1.539349,2.139568,-11.252017,2.333289,-2.364610,-2.357926,3.679447,-8.939222,6.075178,0.680339,8.729902,12.699631,11.101295,6.875470,8.565012,5.788953,2.342093,-4.810981,-0.244053,-3.188628,-1.426900,3.584371,3.127076,4.617073,3.274891,-5.304337,-5.576028,-3.652420,-6.571498,-4.535823,-3.172012,3.535305,-1.672449,2.019162,-6.123090,-3.099275,-6.537724,-3.191724,-3.853992,-9.447749,-0.239450,-7.449418,3.903084,11.068606,10.316467,5.130221,5.594047,2.020775,-0.948387,-3.803181,0.846229,-2.648881,-4.767924,3.202111,1.766765,0.291381,0.161299,-10.362034,-5.252161,-0.670681,-4.703176,-7.519237,-4.644723,0.527391,-5.335321,-0.197663,-2.100705,-12.243361,-3.403913,-1.893337,-14.699282,-5.205286,-12.018831,-11.130266,-9.144883,-2.423727,1.393750,-1.696851,-3.528621,-9.710980,-3.916801,-25.310810,-1.242697,0.777166,-4.385326,-1.218468,-0.082970,-7.124083,-10.941154,-5.518652,-5.390550,-1.551817,-3.435910,-6.043112,-1.623236,-4.023982,-11.510042,-2.503698,-2.020816,-2.968537,-5.030769,-7.657207,-12.054295,-7.346939,-13.481879,-12.840654,-15.442719,-4.041284,-7.719359,-18.832405,-21.360260,-4.240644,-0.223858,-3.352134,-8.596247,-0.810775,-0.885651,-4.799739,-4.826847,-16.654875,-10.011190,-2.144294,-6.283078,-7.021115,-5.143909,-2.489966,-0.304594,-5.121646,-9.184129,-5.475543,-3.753992,-3.517736,-12.287821,-5.311129,-17.508047,-21.051708,-15.419908,-19.738428,-19.039169,-5.990101,-2.209557,-21.330830,-10.268432,-7.869841,-2.742060,-3.259572,-4.717389,-8.604812,-5.065842,-4.456501,-5.811739,-16.188084,-6.869029,-2.815271,-9.537108,-17.296101,-6.823700,-0.549810,-1.178684,-7.744328,-7.064061,-10.604734,-5.554523,-9.245885,-18.061050,-0.774237,-4.007134,-15.369605,-16.606905,-10.669924,-12.025255,-7.292222,-3.100182,-11.747435,-11.294729,-10.237069,-9.596815,-7.393882,-3.443436,-12.652392,-7.713357,-8.997497,-4.060728,-8.436304,-7.606748,-5.725953,-12.445436,-17.368505,-15.149694,-2.991126,-3.548552,-20.210382,-9.175807,-10.237726,-6.585975,-19.420168,-9.873744,-5.071813,-0.196716,-12.053051,-10.535182,-9.885563,-7.791705,-6.005848,-4.910995,-5.731762,-14.858015,-10.008111,-7.811811,-6.872190,-5.486963,-13.719176,-4.419905,-7.306587,-5.882977,-7.977480,-8.650961,-7.816628,-10.442958,-17.658566,-13.665474,-19.392603,-11.899817,-18.258430,-18.040421,-14.177137,-10.288018,-7.438179,-10.084915,-10.990639,-3.318932,-4.043784,-13.592117,-7.842215,-13.246575,-13.312624,-12.029020,-4.024210,-5.183631,-9.462441,-10.780121,-9.011477,-11.484999,-4.124073,-1.928253,-6.979056,-7.774695,-13.356407,-11.511989,-5.507267,-8.296988,-11.020357,-8.855423,-8.765398,-9.459115,-17.838690,-26.409012,-10.524727,-20.209484,-5.461469,-9.144938,-5.068521,-16.960798,-4.731185,-22.050083,-6.120749,-16.971680,-11.625777,-11.335622,-6.301982,-4.085469,-4.610747,-6.038738,-11.392076,-23.293707,-1.035154,-0.702886,-8.432872,-8.759515,-28.412077,-13.001566,-3.328230,-3.613737,-6.171545,-7.923800,-8.246752,-5.970752,-12.895769,-29.034731,-7.823591,-5.807312,-7.638738,-5.897258,-5.030084,-13.093691,-11.303106,-23.284185,-6.926708,-8.765375,-5.796077,-6.166966,-12.387967,-9.727625,-6.992526,-4.644541,-6.352994,-11.421136,-1.549743,-2.058793,-17.147802,-13.587151,-17.947500,-8.525453,-5.256042,-2.752809,-5.111182,-5.648673,-9.952148,-7.510922,-10.413562,-22.349495,-12.603440,-4.131305,-9.977960,-5.408075,-6.321035,-10.136887,-24.829914,-15.165442,-9.280294,-8.033067,-5.922606,-6.232667,-17.185511,-25.947559,-15.086612,-11.770924,-6.004291,-11.791057,-5.423512,-5.634952,-13.505654,-19.882565,-11.366539,-5.959923,-12.130996,-9.705738,-8.047482,-4.944909,-8.933529,-9.445128,-8.721648,-12.191587,-18.052053,-7.926025,-8.059340,-11.464214,-8.390905,-11.563803,-21.800385,-9.292425,-8.597070
[0;32mI (11900) ANALISIS_ESPECTRO: Frame exportado | t=11.23 s | pico=500.0 Hz | 36.3 dB[0m
SPECTRUM_FRAME,12.251949,500.000000,37.119045,hann,512,90.277817,84.269760,17.523903,20.334856,13.973498,4.211802,-0.631058,10.420500,14.485393,16.423136,-8.927526,13.616694,9.000569,-3.352531,9.896836,8.394499,4.115493,3.121475,11.655097,-4.875342,9.158200,12.973141,7.833412,12.558729,17.493521,14.631896,10.871569,8.999484,9.620423,15.331501,15.478966,27.482729,37.119045,34.224846,19.461119,17.761127,18.952124,17.121910,8.313952,-5.095644,3.788388,13.068087,4.055332,17.179253,15.566984,5.794341,11.375584,10.984601,8.434937,-2.251143,11.578751,1.589298,12.713027,15.876034,15.690093,-1.166781,14.557541,13.977549,12.113982,11.252666,11.412416,14.965234,18.600267,21.523781,32.285233,32.191616,20.514080,15.327416,17.837656,19.290373,11.868513,5.647123,9.151012,10.974942,14.392962,17.380514,18.130383,9.245099,11.919379,12.420647,10.414034,5.760498,9.828247,9.325541,13.783113,14.858957,16.479752,13.301707,6.272091,8.780630,10.095614,4.988804,4.883022,10.790201,15.997568,20.502357,23.179892,25.749111,14.324545,8.754331,10.447602,15.643301,8.592319,-1.277150,9.334714,11.944132,17.255430,18.097803,17.742729,10.048989,8.406222,10.327257,9.673212,8.218815,7.282145,11.690632,13.219173,11.347198,12.138231,13.626343,2.087073,0.935483,8.004307,1.880912,6.828532,4.721669,6.353515,14.890568,12.711124,8.546344,9.216993,10.267370,-1.234801,0.647856,1.677795,1.609516,-0.813167,7.517648,15.111237,17.926983,16.065582,9.714871,3.965316,1.746913,4.286080,7.599552,4.922182,8.592092,10.233000,6.915035,3.695143,8.303815,1.229086,-4.798391,6.329171,-0.344532,9.147308,8.484986,-1.147581,-4.425368,2.258241,10.863447,15.715713,12.983566,0.695243,7.936925,8.993688,5.110791,-1.054609,-3.735713,7.410728,14.001621,13.245620,8.575677,5.920899,-0.319447,-4.789775,2.052307,4.793478,-5.041158,4.328832,2.241913,-3.048413,1.875458,-0.645507,-4.942983,6.904259,-0.133192,3.925088,5.520681,2.448201,5.762656,3.718049,4.053529,12.745554,10.827410,-8.359312,6.574939,8.990196,4.776885,-3.204155,-3.086871,0.453197,3.450681,6.719858,5.686122,6.281982,3.219154,3.025262,-6.322480,0.334332,-4.025555,1.492453,2.177600,-13.632477,-1.029362,0.930652,1.390195,4.939028,2.849314,-7.677056,-2.232410,-7.789535,2.825159,3.693221,-2.327426,2.759550,2.943180,-4.413990,1.057475,3.935540,5.752960,-0.583925,-4.827250,1.289193,-1.034516,-3.906057,3.010328,2.610266,2.356416,-0.449821,1.155673,-14.158922,-9.946904,-2.277781,0.563198,-7.557411,-7.496042,1.324233,4.756841,0.741645,-8.479796,-7.903241,-1.422784,-2.799957,-4.408666,-3.658746,-6.133436,2.252589,3.089308,0.166471,-0.682260,2.981961,5.346804,2.496594,1.130242,-0.256884,-4.325188,-2.347518,2.183275,0.970393,-5.968957,-20.752007,-1.644537,-4.821590,-7.620397,-9.647391,-6.055990,-4.433702,-10.696591,-2.390972,2.916830,0.082621,-1.075278,-9.504663,-5.054059,-1.776972,-13.015968,-2.994443,-6.364789,-4.607201,2.199877,0.897088,-5.857419,1.596387,2.543747,-0.321417,-0.502268,0.093607,-6.283228,-27.846375,-1.710467,1.568235,-7.680054,-5.771307,-6.000062,-4.317997,-3.180089,-3.318757,-7.820753,-6.057508,-4.594571,-8.272342,-1.949899,-8.271873,1.237664,-2.126977,-20.819389,-10.283313,-12.126055,-10.754101,-5.730429,-8.322764,-9.450932,-4.914717,-7.338092,-4.908741,-1.686406,-5.104608,-9.465902,-6.639823,-1.412269,-3.175238,-2.891049,1.210726,-2.635062,-7.756248,-4.649790,-7.535349,-2.823988,-4.623633,-8.360459,-10.251101,-8.218285,-8.302177,-2.567412,-8.190140,-3.213759,-3.966852,-15.068412,-5.135319,-10.838648,-8.038859,-6.510995,-5.871007,-9.685245,-7.247655,-2.361038,-10.514785,-3.805054,-3.492685,-22.825581,-13.445841,-6.842543,-2.924433,-2.246473,2.157070,-1.534794,-10.972104,-8.280315,-11.301093,-6.415397,-3.012824,-14.495765,-12.176394,-13.837424,-12.654369,-4.483859,-4.841128,-6.796175,-10.149820,-11.810264,-3.502484,-2.951742,-17.046040,-5.095629,-5.320592,-4.739386,-7.603363,-1.851286,-9.480398,-4.589903,-5.228097,-11.804639,-10.167842,-13.063070,-9.361069,-4.105189,1.082381,-0.153987,-6.895864,-8.506912,-6.487660,-32.398010,-4.222578,-4.656804,-6.329048,-11.759162,-22.190392,-9.705957,-7.083102,-7.862515,-12.964155,-10.743256,-7.945249,-3.836708,-11.663830,-14.076925,-9.221300,-4.652264,-6.325078,-6.076524,-7.004876,-5.202921,-8.245529,-9.027604,-26.130659,-9.602858,-12.562772,-4.715816,-2.496738,-2.311415,-3.778319,-5.616152,-4.879758,-6.411147,-15.663952,-6.692261,-3.388097,-4.729808,-15.238900,-16.630062,-18.314894,-8.688376,-10.622801,-11.775117,-13.897114,-7.523596,-5.734411,-10.814791,-4.006105,-11.129889,-8.310477,-8.200570,-3.419833,-3.773885,-8.390185,-9.123938,-13.830613,-13.289308,-28.562555,-5.364036,-5.288340,-5.642240,-5.819740,-7.615911,-6.349641,-3.898586,-6.461860,-21.216431,-9.447517,-6.063416,-12.299596,-4.789222,-6.503384,-9.544106,-6.827597,-11.395601,-16.767925,-15.757729,-6.211462,-16.320053,-2.560755,-4.793695,-17.567417,-9.595623,-1.585280,-2.660488,-9.817015,-9.774257,-10.817338,-8.889836,-7.606372,-14.629736,-7.849978,-5.114450,-3.750007,-14.930071,-13.382249,-8.931721,-3.439293,-7.755883,-12.858085,-27.605518,-18.119368,-2.740623,-2.050367,-11.038708,-6.950803,-4.839068,-9.011347,-20.236248
[0;32mI (12920) ANALISIS_ESPECTRO: Frame exportado | t=12.25 s | pico=500.0 Hz | 37.1 dB[0m
SPECTRUM_FRAME,13.274302,500.000000,36.941578,hann,512,90.278671,84.270462,15.605041,22.716810,13.622437,7.642763,10.260298,1.476643,-0.570641,4.986624,3.269550,9.749788,4.585077,-4.747684,6.668972,4.734101,1.919583,5.299411,8.823282,6.534467,-3.032141,8.108805,3.782397,2.813574,-7.888797,0.887402,7.665812,4.727275,14.489223,20.079666,13.527626,28.533398,36.941578,33.356392,18.075411,15.276430,14.734423,0.525701,6.816407,8.792371,-0.022333,7.874264,8.722753,8.213095,5.417109,-8.666528,-0.731253,2.307149,2.411663,3.709808,6.932268,7.954211,-0.430846,3.240892,3.999042,8.099148,1.459410,1.339998,6.419498,4.918430,7.641181,16.052917,12.738388,21.162319,32.582336,31.152782,17.188354,7.462920,8.077267,-5.180147,5.199088,9.787645,1.084949,6.568558,9.357623,5.898663,1.337016,-5.786543,-2.521151,-2.472862,3.060921,0.481147,0.897930,2.273360,1.400632,-3.302448,0.272884,7.779893,5.782418,3.345299,3.340703,3.796963,-5.160970,4.151695,4.235326,9.546858,23.657604,24.665745,7.644635,0.463498,-5.161862,-1.439515,1.306555,7.051519,3.736020,0.386360,5.094176,2.263832,-0.243309,2.654840,2.520650,-2.508240,2.241266,-0.808034,0.082732,0.387643,-9.808583,-1.891153,-5.370216,3.864680,5.557206,3.204648,-3.696915,-2.265293,0.572076,1.397276,1.979321,8.020492,-4.060660,-0.716419,8.365314,8.376633,-2.240037,-7.278308,-9.074107,-3.551716,1.241109,-0.207402,-14.423470,2.262813,2.570259,5.090909,5.988377,1.881786,0.750713,-1.089968,3.141905,5.726676,-0.923497,-4.190753,-3.732334,-0.405782,3.158800,0.245783,-16.424253,-7.336961,-3.505337,2.856873,3.853034,10.442064,14.034256,15.388700,12.148315,11.896383,4.031120,-0.016475,-7.489213,-3.761450,1.710137,0.708549,0.161026,5.188803,3.356354,2.592816,5.104103,3.890898,1.111791,-3.266959,2.232175,4.729547,0.158031,-8.606349,-4.391889,-1.829477,-0.581536,-6.243472,-9.214914,0.800570,-1.288428,-4.765515,0.167876,6.055353,12.348925,14.200259,7.832797,9.035685,3.380731,1.761673,-5.729996,-0.301609,5.398179,-1.078311,2.483588,5.522506,0.470933,-4.400824,-1.729639,2.182073,2.475803,-7.352534,-3.463854,-0.596446,-11.415425,-13.310103,-11.742476,-4.737475,-5.421484,-3.703691,-1.585032,-1.956352,2.208903,-5.567910,2.280962,1.007161,6.251668,7.830667,-4.453897,1.598084,-10.686359,-4.147170,-8.394316,-8.098686,5.034561,0.049915,3.216569,3.751553,-7.643978,-21.926420,-17.259333,-4.114111,2.186162,-4.226607,-13.495173,-6.061648,-4.702117,-16.681211,-12.208197,-6.237778,-3.527400,-0.289804,1.013699,-8.594397,-0.099787,-5.485301,1.892701,5.145578,1.234924,0.446621,-8.071120,-0.196819,-2.141181,1.878503,2.580147,-7.522800,1.025273,1.727823,4.784128,1.811209,-14.184635,-4.403834,-7.597613,-18.005070,-0.881823,-0.882286,-4.184018,-4.896341,-0.862980,-9.163524,-5.256434,-0.975330,-0.446054,-1.311616,-0.923003,-4.553288,-3.462758,-3.653563,-4.188802,3.758635,1.869352,-8.946537,-4.785854,-8.624462,-1.127823,3.515755,4.310852,-2.549375,-6.582401,0.240542,4.875217,0.575741,-24.025791,-3.053602,-5.465331,-24.714720,-5.944263,-1.340206,-2.306284,-9.136784,-2.737195,-8.988676,-2.808625,1.412533,-0.381921,-8.677750,-9.348715,-9.299988,-6.367658,-1.767084,-15.067425,-3.747282,-3.100978,-7.023184,-9.656921,-12.092904,-5.079324,0.656746,0.316051,-8.338967,-8.386816,-8.485411,2.147792,-1.188287,-12.465080,-4.810084,-4.088738,-10.414570,-9.797618,-4.272680,-2.988123,-12.507917,-9.157458,-12.082543,-2.516868,1.192341,-2.383874,-11.658676,-11.120864,-16.130468,-19.198669,-8.849555,-8.030886,-9.471489,-6.808497,-1.171753,-2.328420,-13.502066,-12.690068,-3.703980,-12.234743,-6.928723,-4.115146,-8.548265,-5.210047,-3.089042,-8.648091,-0.539108,-4.989775,-5.481233,-7.233452,-5.927713,-3.481488,-5.573377,-7.918477,-40.579948,-3.160056,-0.598939,-2.533317,-3.884357,-3.416449,-7.200155,-20.503113,-11.442155,-9.177028,-4.709560,-3.942941,-0.049344,1.153217,-2.547541,-6.118648,-9.225955,-14.022723,-1.947281,-3.728951,-4.018180,-15.532512,-6.171944,-8.313133,1.608768,-4.927185,-5.391513,-4.316785,-3.776751,-3.374311,-4.431549,-4.229577,-9.832074,-4.086867,-3.895082,-3.248655,-4.252769,-3.760397,-5.464640,-27.789371,-5.328416,-3.544577,-11.256256,-9.756513,-3.654108,-0.416166,-2.009217,-2.205968,-9.319448,-10.403111,-2.224482,-4.580661,-10.109980,-8.777446,-5.611079,-6.276885,-0.062120,-5.369411,-8.576170,-7.182717,-5.011909,-5.093383,-3.941260,-5.107997,-7.092410,-4.228189,-7.821623,-13.215374,-13.085833,-12.081039,-8.708629,-11.720906,-4.461803,-6.188397,-10.679759,-5.958502,-10.813221,-5.054976,-7.291860,-2.399043,-5.604637,-8.904507,-2.761788,-3.007475,-12.918416,-6.251671,-2.102819,-3.681028,-5.598301,-11.174392,-8.929146,-11.500999,-17.627611,-12.883824,-4.579360,-9.607128,-14.380554,-5.000117,-4.959938,-5.988254,-6.083980,-9.566087,-19.173544,-7.472901,-4.566620,-7.309738,-5.627145,-1.082163,-1.346749,-6.441211,-12.717333,-3.296968,-4.033090,-4.134378,-1.479266,-1.231980,-4.853117,-5.622597,-2.379558,-4.968574,-10.855862,-14.438406,-6.864417,-6.244462,-9.952758,-15.050335,-8.115236,-11.219090,-8.095703,-6.730490,-3.416594,-1.122341,-1.356968,-3.148004,-7.322540,-4.920111,-7.433143,-4.239137,-0.663260
[0;32mI (13930) ANALISIS_ESPECTRO: Frame exportado | t=13.27 s | pico=500.0 Hz | 36.9 dB[0m
SPECTRUM_FRAME,14.296677,500.000000,35.487530,hann,512,90.281769,84.278580,27.561752,16.185421,10.187774,11.242529,9.647148,4.032865,-8.755087,0.629335,10.352631,9.762226,12.223230,3.668430,1.985483,9.420450,12.226347,12.541435,9.640351,2.834338,12.188366,10.098772,8.263731,6.842032,4.615317,-8.853387,7.679470,10.822472,5.576330,13.974372,22.744112,20.548746,35.487530,31.666386,21.501072,14.905672,16.442818,8.233476,8.111039,1.201911,3.663387,5.442963,10.158976,8.669746,11.113194,7.724514,6.168930,11.257536,10.189786,13.635384,13.447378,7.728366,11.461028,10.064816,3.934769,6.322198,8.118188,-1.451478,-0.002168,9.662882,9.634016,5.354236,20.970289,10.401436,30.699957,30.474501,19.519733,14.916250,15.011430,10.160671,5.115307,1.599349,3.054339,8.049417,10.634130,5.782382,8.410208,9.556856,8.405743,11.408253,12.026327,11.080495,13.157320,8.083534,9.683783,8.740299,4.328697,-0.359578,6.118346,3.291014,1.464966,3.603478,10.593120,4.573147,16.602262,17.309626,20.722025,25.005285,13.596058,14.079273,9.008876,9.006991,3.104231,0.640561,-2.247671,6.176025,9.270760,3.470569,3.563300,8.660754,8.540816,8.629906,11.391191,8.166319,9.486962,2.569324,6.744274,2.529390,5.472969,-4.419299,-2.253875,0.417675,7.032166,-1.192812,6.382184,5.252234,9.846832,14.014729,1.589110,9.488281,-0.508963,10.337185,0.967008,2.745820,-0.104434,-6.069766,-2.887602,0.876344,4.354434,0.571868,-2.739831,4.528293,6.865840,5.117855,6.276054,4.740580,4.009267,-5.796838,1.406343,-10.983778,2.546682,-1.440241,-3.348051,-24.691944,5.770479,4.288459,-9.961270,-2.331352,1.112460,8.072303,8.596227,11.358183,10.770800,10.293174,-2.043819,-2.061298,-3.478095,-13.676285,-13.766090,-5.346384,-3.731210,-6.990976,-14.547413,-2.402145,2.138131,2.309927,-4.609813,-10.618310,0.785852,-4.761622,-5.942717,-1.683680,2.470649,-4.448574,0.769147,-1.862488,-2.627398,1.063176,-0.481566,-3.225583,-3.580050,5.203629,3.848535,9.113695,8.452818,7.932301,1.486175,-2.426769,1.805312,-7.843465,-4.816590,-9.525282,-8.175631,-13.650236,-7.419210,-6.722363,-1.236305,-0.491960,-7.679186,-1.340514,-2.758610,-10.495441,-25.753292,-2.911496,1.815994,0.297633,-0.108074,1.188497,-5.528098,-3.399713,-0.705201,-0.594846,-0.734080,-0.958778,3.323897,-15.391315,-2.372366,-2.346028,1.857594,-10.358622,1.593022,-3.355096,-3.729677,-1.475004,-6.923417,-2.688784,0.109869,-7.802738,-1.686657,-2.233771,-5.192642,1.438916,-4.969458,-4.249222,-5.090547,-4.827569,-1.760343,0.246970,-1.525955,-0.406340,0.325811,2.279740,-1.264866,-9.216976,-2.463319,-3.857379,0.105798,0.405870,1.846681,2.740411,-0.132117,-9.405121,-2.907304,-5.161091,-7.484084,-2.377614,-6.663746,-0.270096,2.448354,-6.517834,-7.144206,-4.484312,-8.924399,-0.557956,-5.187769,-6.251797,-3.297596,-8.194237,-2.631909,-2.210149,-5.332073,-6.237104,-0.570745,2.029027,-0.042715,-6.975675,-7.851177,-1.830389,-6.622355,-1.758999,-1.341565,-0.112888,-5.694034,-6.887249,-7.161151,-5.536108,-5.780397,-8.541018,-17.985699,-4.565365,0.452403,-6.253904,-14.386967,-9.241564,-6.153293,-6.512105,-6.210676,-15.352406,-8.315572,-12.632137,-7.057922,-3.079785,-26.493320,-11.717922,-6.536270,-2.671278,-2.416130,-3.054504,-8.236969,-5.262443,-19.603926,-5.826789,-10.058640,-17.118162,-9.200491,-6.669483,-6.084878,-3.454448,-2.375021,-11.374399,-16.848372,-11.445199,-7.959210,-9.790106,-10.655600,-10.062555,-6.429839,-10.864231,-7.559607,-7.907035,-5.082541,-4.930306,-13.316130,-9.865810,-10.525762,-9.137883,-12.891246,-15.777924,-5.079512,-5.142925,-12.815573,-14.687544,-10.407711,-5.593624,-5.155475,-2.158289,-1.759839,-9.766575,-5.688778,-3.915938,-3.441010,-10.155611,-23.522261,-8.117766,-6.937368,-14.350767,-8.630922,-9.726779,-10.710200,-13.468882,-8.932429,-6.764233,-3.618520,-2.620300,-9.147340,-12.255121,-7.337903,-12.041160,-8.364613,-13.895541,-6.881975,-7.406769,-14.491743,-17.131758,-6.969619,-8.287336,-8.058807,-3.019499,-3.650450,-20.511320,-6.714010,-5.165577,-8.390550,-14.647772,-16.553282,-10.042473,-7.694335,-25.434019,-4.577487,-6.472770,-15.332179,-31.330967,-11.019559,-10.185409,-8.435884,-5.055831,-9.514197,-10.955853,-5.725016,-14.749033,-8.650319,-10.950928,-13.322649,-12.306572,-9.690695,-9.513143,-8.225786,-12.522919,-22.374765,-9.897435,-13.258600,-7.373404,-5.544385,-5.594043,-8.443804,-10.927284,-12.636620,-11.011176,-10.752682,-6.707754,0.295436,-1.315541,-12.913582,-24.852547,-13.607981,-14.178022,-18.154228,-14.654963,-10.434393,-14.636288,-9.966438,-16.141470,-9.107496,-9.648615,-13.832227,-12.368435,-14.237177,-9.111687,-11.284336,-14.483147,-13.480573,-25.906694,-11.672050,-4.795506,-6.267561,-6.242254,-7.248402,-8.846934,-11.880021,-13.563933,-13.875161,-3.846001,2.969613,2.393310,-2.652235,-6.447609,-16.269604,-12.673755,-15.317928,-13.705223,-10.156518,-15.309248,-26.175825,-16.539259,-18.621681,-7.496077,-10.325680,-8.158801,-17.483746,-12.577353,-12.780967,-20.851887,-11.548630,-20.748663,-10.881563,-6.600399,-7.713685,-12.986099,-9.323284,-9.895981,-16.375500,-15.616008,-17.616024,-10.099043,1.909281,3.586028,0.988849,1.316988,-4.671913,-13.630347,-19.668753,-13.656278,-12.340527,-11.827593,-15.118709,-19.976181,-11.448700,-8.572712,-11.529613,-10.715932,-11.845618,-22.206697
[0;32mI (14960) ANALISIS_ESPECTRO: Frame exportado | t=14.30 s | pico=500.0 Hz | 35.5 dB[0m
SPECTRUM_FRAME,15.319025,500.000000,36.595966,hann,512,90.279785,84.272766,21.909683,16.144581,15.407156,-11.985399,2.148949,11.952675,4.918837,6.671789,8.412634,8.592199,3.435802,11.569084,9.623184,5.012963,5.988072,6.509627,6.816807,6.977129,-3.936278,11.381941,11.874743,3.969272,-0.975188,5.221648,-23.877689,9.072031,13.253354,14.707022,-3.069636,28.246986,36.595966,32.403156,3.235349,12.438499,11.451380,-2.065235,9.497723,12.271137,9.505805,10.195068,8.315125,7.304004,10.273842,13.359126,11.221039,0.130639,2.683375,6.785181,3.673706,0.552996,4.155785,11.660011,12.328006,6.757187,4.466779,-2.036256,4.209417,11.897615,12.747149,11.470736,-6.589019,22.722742,32.642197,30.735476,11.081173,10.288757,1.035392,2.524390,6.989101,11.739446,8.768811,10.070977,10.602228,9.268270,10.843492,12.328646,9.956696,0.668785,-0.165066,4.459486,4.829335,2.315184,2.654810,9.440988,8.185936,4.243336,6.066360,3.407236,5.933671,11.274714,11.188240,7.201500,-2.108163,14.349232,25.060150,25.561630,15.109550,6.513598,3.756805,2.155645,1.182327,7.568106,7.614626,6.498487,9.644771,9.074586,8.159942,6.986420,4.167631,0.872317,0.040241,1.111368,5.072833,8.005572,5.827322,4.709723,-3.799670,-3.120064,3.967915,4.045740,3.434840,7.419143,7.121559,4.227763,1.057007,8.733196,10.464096,12.865738,13.255314,3.085856,5.798428,0.259752,1.292237,-5.336521,4.679943,5.159487,5.966097,5.742497,1.135513,-8.070744,-8.459431,-4.398169,-4.214675,-3.769145,2.709521,8.769993,8.489545,3.605078,-1.253735,1.110377,3.312378,2.504436,-2.904977,0.925933,2.554161,1.932269,1.768231,9.534929,11.923261,8.986967,3.837444,6.556472,-4.432945,-3.368613,-4.140902,-6.207637,-3.329058,5.041838,3.969299,-1.034868,-17.563368,1.696552,2.519164,-10.521363,-18.095924,-19.766853,-3.160934,5.604478,6.104397,2.930425,-0.636379,1.471539,3.341210,2.440413,-5.220680,-9.608447,-0.796791,-0.809830,0.276430,6.967302,9.777528,9.734129,0.161342,3.215936,-1.058176,-15.035081,-2.246991,-5.227313,-15.753839,1.040954,4.008602,-3.110516,-2.549636,3.478135,2.608365,-8.425598,-7.315509,-4.839583,-9.643896,-1.963662,-2.966464,-5.114448,-7.913784,1.384431,3.688268,2.311550,1.088557,-4.268516,-11.764517,-5.161720,0.629789,2.616115,0.988048,-1.258825,0.862238,-2.248169,-1.251475,-3.317366,-1.708338,-3.175893,-13.629780,-8.838582,-0.376903,-1.780887,-2.864119,1.511704,0.179330,-8.477435,-11.248274,-4.071889,-6.393824,-10.850800,-11.151791,-11.309406,-6.412708,0.870757,2.984724,1.826874,2.148447,0.370264,-18.201183,-1.312511,1.476546,0.935986,-2.871858,-4.393273,-10.084530,-0.582699,-11.527349,-7.010350,-9.564307,-6.415605,-7.568560,-23.508495,-13.652405,-9.356977,-9.372201,-2.904259,-1.328088,-5.098000,-19.907940,-10.503224,-8.914002,-13.691960,-17.761021,-10.462656,-7.289208,-3.862395,-2.572188,-1.013128,-0.329429,-1.896620,-6.653432,-3.070536,0.046750,-4.219698,-3.283475,-2.637054,-4.779106,-2.088695,-8.847856,-21.407021,-14.048781,-12.039133,-9.742011,-14.819614,-3.626620,-7.204816,-18.868311,-6.208772,-6.886482,-11.665625,-10.919378,-12.387836,-6.766828,-9.139669,-9.533960,-13.396068,-26.151838,-9.869991,-11.437807,-10.407582,-8.074178,-5.768991,0.884821,-2.625649,-7.073138,-12.507352,-13.112522,-5.378901,-4.650760,-6.195282,-7.928652,-16.392483,-8.706436,-3.564319,-12.150928,-9.292603,-3.475029,-3.227117,-18.268892,-4.699526,-4.981382,-2.154307,-5.851374,-11.698080,-3.326922,-5.960302,-5.920055,-5.309985,-6.823484,-5.117193,-6.558731,-19.445913,-16.800940,-1.805203,2.984999,1.372191,-13.050253,-3.652358,-8.809752,-6.966244,-11.442208,-31.605125,-7.394249,-5.343818,-5.641718,-3.857977,-10.386933,-5.943174,-7.343832,-7.485384,-21.269428,-6.809139,0.666716,2.484179,-2.855299,-11.418657,-4.114244,-8.160568,-7.749080,-6.060442,-7.512473,-8.383633,-10.486087,-24.091322,-8.953535,-0.996157,1.802431,0.445145,-6.758100,-5.032547,-6.131135,-9.070615,-12.311683,-10.403875,-10.101454,-2.800364,-4.954761,-8.272253,-19.372532,-8.797534,-16.344067,-11.658430,-10.175476,-10.814966,-1.190305,0.670511,-6.340133,-5.837567,-6.579908,-12.782603,-5.456215,-5.951662,-9.248434,-17.712521,-14.731440,-15.974140,-17.584465,-2.984931,0.100371,-0.698842,-6.502162,-8.790987,-9.198462,-4.707974,-5.699868,-10.127692,-9.952261,-4.477555,-3.489783,-15.183959,-8.076014,-7.218147,-10.389954,-9.376732,-9.255319,-9.826353,-5.439748,-7.608082,-16.568436,-6.571527,-8.334718,-9.501247,-3.253355,-5.985209,-7.427807,-5.733228,-10.828561,-12.518052,-9.459533,-9.146071,-0.376578,0.891006,-2.563027,-8.777407,-15.363350,-3.078969,-4.854038,-15.540791,-7.113033,-6.087220,-2.138273,-5.065415,-10.343105,-1.532714,-3.847868,-12.514935,-13.975696,-18.773870,0.739634,2.277754,-7.348747,-11.281454,-11.208447,-8.182162,-3.225294,-6.323275,-11.227503,-6.789513,-10.010337,-12.918692,-3.914647,-8.837532,-3.782356,1.133700,-1.347438,-10.536364,-16.221695,-5.431147,-6.539330,-11.399160,-7.579631,-5.077404,-3.142168,-4.495116,-16.912786,-2.763391,-2.120525,-11.637039,-9.932381,-13.253417,1.093444,4.555657,-6.808062,1.059141,-3.667501,-8.254241,-5.282027,-6.853046,-4.954643,-12.529291,-10.760655,-8.940547,-3.857831,-4.293408,-15.892396,-1.745466,-3.492157,-10.632551
[0;32mI (15980) ANALISIS_ESPECTRO: Frame exportado | t=15.32 s | pico=500.0 Hz | 36.6 dB[0m
SPECTRUM_FRAME,16.341388,1953.125000,52.829376,hann,512,90.090195,84.081039,22.309687,23.513678,20.763592,6.861944,7.079215,5.710749,8.883665,-0.049359,6.328401,11.500364,7.403702,-2.842546,-1.837466,-4.141764,-1.930277,0.660295,-5.294278,-12.089067,13.461041,20.014732,29.081326,29.673090,17.970497,9.300231,6.654486,2.797090,-7.082457,-1.356256,-1.340468,5.489976,6.957003,7.926172,12.167560,9.140405,-7.580194,0.980763,5.054117,3.512380,5.776799,6.485657,0.259725,7.854836,10.060395,16.275965,16.232817,16.369446,11.282022,9.372578,5.890944,3.774328,5.878237,6.211919,8.225538,7.759662,11.824323,10.707083,-1.159836,6.315295,7.593536,-1.581881,1.658667,5.938346,4.113071,1.330174,-9.958340,7.122205,2.507374,2.271578,8.764635,9.355201,7.029280,-1.813505,-0.335769,-1.560003,1.205571,11.218847,17.130127,16.010798,17.496288,15.674709,10.472026,9.269647,5.633234,5.951120,-6.417108,0.881536,9.536218,9.440313,4.344545,6.006534,8.546249,7.925059,4.228800,8.713457,11.918502,8.298920,0.704942,-10.385988,12.371656,24.405163,28.400795,29.109165,20.164034,13.205222,0.569421,9.435087,7.168850,6.161051,6.359688,6.875573,9.440540,12.029543,12.612146,11.103305,7.257320,-2.110121,-13.700979,6.636303,4.713587,16.632250,17.075476,23.484945,44.377747,52.829376,48.889194,25.257685,21.261366,18.892277,-0.932570,11.968347,8.923445,7.144751,6.082528,4.006104,8.432901,11.231040,10.308133,3.493307,-4.293136,5.036335,-0.098074,9.576368,4.430392,4.448426,17.903177,29.905266,30.293715,24.901373,18.176748,6.025441,-1.725736,-1.817648,8.569845,9.787692,9.942857,5.021959,3.278732,8.023726,6.366381,1.784015,0.120393,0.631898,0.063147,-0.440422,0.376029,5.621392,10.930012,16.409985,19.913013,14.293894,8.870880,11.219807,5.375548,-4.305562,-6.507151,-1.969275,4.631052,9.412521,7.261229,-18.438452,4.884181,2.994802,1.401787,-4.984287,-28.326674,-1.073055,-0.307685,-1.588576,2.715420,-2.586424,-10.163429,4.839524,6.294744,-0.661637,7.883923,5.495296,4.991143,-5.361595,-4.859960,-1.567392,8.458679,10.367908,7.433610,10.598680,11.892475,7.321249,-11.444116,0.898510,-0.565083,-0.556472,-0.877506,-2.156846,-0.677937,4.858434,10.418816,7.731946,0.836919,9.408680,6.758999,-0.604674,-9.047377,-7.022166,-3.368513,3.065268,13.965912,17.603230,26.385303,22.165262,13.757438,7.747144,5.274990,-0.530414,-1.733283,-2.596731,-8.055002,3.462107,8.253379,8.626033,6.671926,-8.312598,6.699314,8.901183,7.982852,2.461158,-0.705428,9.026490,10.367208,32.649513,42.389393,41.205769,26.019373,12.872678,4.614975,5.911863,2.083238,-1.277129,2.728122,-9.452404,7.656011,12.269106,11.040483,0.300110,4.126195,2.500328,5.499044,5.023704,2.748194,3.440698,10.569407,18.558601,29.866615,35.538719,30.829241,10.255375,9.692407,5.582608,3.589654,4.707281,2.493903,-4.469799,-2.495950,8.710636,11.286945,10.473329,7.251463,9.089423,8.074118,0.927650,3.102596,7.342216,3.476105,10.064158,13.298778,21.702023,21.391212,21.193466,15.270365,7.215309,4.142195,2.099205,6.065340,7.756509,6.450108,7.407373,7.447309,7.581092,2.771551,5.025785,9.062813,2.512210,-1.430862,5.232241,5.127287,7.261755,4.979386,6.683827,8.571436,10.412192,12.519073,11.110682,4.664614,4.972418,-3.639768,1.212368,7.432059,7.769994,14.245689,14.542761,12.866879,12.408103,2.599395,7.584329,6.555576,7.204942,2.296286,2.030732,9.570399,10.470814,5.859551,10.680117,12.119932,10.208293,5.449342,-1.181870,6.159554,5.416096,3.182118,7.335032,7.011720,16.756069,25.125069,26.941490,21.613863,16.463274,6.203670,8.604049,6.998755,5.752971,8.835714,4.011254,3.165564,6.792632,12.572659,12.231356,3.514370,1.108238,3.770634,5.726262,5.301813,6.488016,6.075931,15.682811,22.175018,39.155483,39.931274,27.352057,16.604593,9.269745,-13.476564,6.321099,5.787653,7.019725,6.115226,-8.305356,9.488136,11.322132,8.354354,-4.851923,3.433183,5.976130,3.270748,1.344039,-0.194680,-4.652529,16.383307,28.927032,33.820072,24.607695,18.008175,5.867319,-3.294828,-4.139738,-3.254170,5.702105,8.387460,4.611199,2.753049,10.481724,8.523659,2.348351,0.177753,4.427132,7.012074,2.642312,2.364308,1.411754,9.189343,15.720667,21.629391,22.110140,15.679540,5.895655,7.233601,2.727510,-1.532511,2.174844,2.530913,4.247432,3.635084,5.669333,9.369152,5.141596,-3.586322,3.815870,3.134254,-2.054013,3.137456,0.434907,4.270391,2.750190,-1.505203,3.003853,3.945204,9.627230,10.128073,3.838666,6.212629,2.112150,-4.468877,-1.967886,9.277476,13.030835,8.779388,9.918851,12.022390,6.427275,6.224808,6.317820,-0.162801,2.537580,-4.353462,-6.772551,3.469834,2.106211,4.939262,0.736250,-1.482542,6.307148,9.028973,8.779001,3.450380,-7.034311,-6.744632,5.909887,18.798197,20.063326,23.772533,23.225788,14.972321,8.987233,6.003561,9.467508,-1.441895,0.869414,7.024837,9.487061,10.265779,10.715604,6.665134,0.620963,3.969740,5.980874,9.841943,9.194081,4.099173,1.283622,-4.031570,25.180008,37.248829,38.872208,29.042341,16.870419,-6.088414,6.314449,8.102218,5.194261,-2.064479,-0.833907,7.433102,9.769141
[0;32mI (16990) ANALISIS_ESPECTRO: Frame exportado | t=16.34 s | pico=1953.1 Hz | 52.8 dB[0m
SPECTRUM_FRAME,17.363755,78.125000,2.071178,hann,512,90.300461,84.292587,20.568314,11.985422,6.841746,2.071178,0.426480,-4.900445,-5.356692,-6.040716,-13.611767,-9.096960,-15.633841,-11.321601,-13.629803,-18.232437,-11.378442,-22.333776,-15.675579,-18.739145,-20.019131,-15.547036,-24.982784,-13.417077,-16.006172,-19.352966,-16.637419,-27.118965,-18.718164,-21.693676,-16.419870,-15.410480,-18.826775,-16.164492,-20.960873,-20.962870,-21.951410,-18.701202,-15.843819,-18.033512,-16.308191,-16.643421,-23.472521,-20.329712,-21.954353,-17.892702,-17.697155,-15.983135,-16.389099,-19.858341,-19.962002,-22.520111,-20.414354,-17.978317,-17.164310,-15.667834,-17.929708,-19.045357,-20.027258,-24.154501,-19.277323,-17.743149,-16.709351,-16.872967,-17.067410,-18.622047,-23.768978,-20.743427,-19.723394,-18.316744,-16.041948,-16.799833,-17.458344,-20.135939,-22.010071,-21.325949,-19.901926,-17.375017,-16.100956,-16.980818,-18.242208,-20.463438,-20.962101,-23.686152,-17.749588,-17.141455,-17.172318,-16.843731,-17.696514,-21.481607,-22.473301,-20.784472,-18.565653,-17.489031,-16.303854,-17.059948,-18.746086,-21.626360,-22.418978,-20.131855,-19.375290,-16.487566,-16.002901,-18.137547,-19.340195,-20.622690,-23.724136,-20.118984,-17.623121,-16.846928,-17.348335,-17.157648,-19.379757,-22.748491,-22.252462,-19.754038,-17.825472,-16.971357,-17.014359,-17.154696,-20.975555,-22.421400,-21.478567,-19.920851,-18.150023,-15.945507,-17.075521,-18.948095,-20.386045,-21.852549,-23.237322,-18.448355,-17.453817,-16.936892,-17.323954,-18.468330,-20.997753,-23.580639,-21.207197,-18.591591,-17.442110,-17.251301,-17.014458,-18.584822,-23.058147,-22.445944,-20.424511,-19.910776,-16.613052,-16.478743,-18.134026,-19.955456,-21.359388,-23.766235,-20.654829,-18.169102,-16.948500,-17.293419,-17.963928,-20.146297,-21.999794,-24.315189,-19.585388,-17.851875,-17.613464,-17.415648,-17.213667,-21.541903,-23.311052,-21.810200,-20.260368,-18.468063,-16.369974,-17.371780,-19.151438,-21.137188,-23.146275,-22.525734,-19.761148,-17.587891,-16.841499,-17.888012,-19.492655,-20.849739,-24.583405,-21.879923,-18.628283,-17.646437,-18.051998,-17.151201,-19.063828,-23.569450,-23.230715,-20.895884,-19.854982,-17.217196,-17.147362,-18.043198,-20.544159,-22.800526,-23.607742,-21.345188,-19.051060,-16.923733,-17.433846,-18.960188,-20.780712,-22.034874,-25.954504,-19.736097,-18.206320,-18.024742,-17.857330,-17.911366,-21.901209,-24.477722,-22.609465,-20.564068,-18.543800,-17.396515,-17.650305,-19.143425,-22.522842,-24.334244,-22.208670,-21.198971,-17.746466,-17.008110,-18.434628,-20.551863,-21.204834,-25.852112,-22.436045,-19.081129,-17.998274,-18.416506,-17.826176,-20.044729,-23.768230,-25.046568,-21.674812,-19.522999,-18.144527,-17.941395,-17.981361,-21.346241,-24.625952,-23.583576,-22.058695,-19.852936,-17.059835,-17.871618,-19.792728,-21.515465,-23.185072,-25.811714,-20.570955,-18.453276,-18.239899,-18.317638,-19.238087,-22.101807,-25.781540,-23.918076,-20.577133,-18.719425,-18.680416,-17.887955,-19.402889,-24.176910,-25.469372,-22.462540,-22.157457,-18.063152,-17.574965,-18.897207,-21.419426,-22.478352,-26.980114,-23.101709,-19.969931,-18.340536,-18.469578,-19.033493,-21.268789,-23.626225,-27.695362,-22.076656,-19.412582,-19.068552,-18.732277,-18.236431,-22.333969,-26.509619,-24.142916,-22.818415,-20.226763,-17.737232,-18.436241,-20.349064,-22.644787,-25.525711,-25.638407,-22.084728,-19.119192,-18.314945,-18.934322,-20.947409,-22.324894,-27.387482,-25.012026,-20.573906,-19.090202,-19.775419,-18.298882,-20.247604,-25.508291,-27.012821,-23.363327,-22.348528,-18.787703,-18.465860,-19.282591,-22.077915,-24.952183,-27.161678,-24.110844,-20.987226,-18.514294,-18.649738,-20.415836,-22.491648,-24.032425,-30.356750,-22.337801,-19.699198,-19.769835,-19.356428,-19.175201,-23.341961,-28.386475,-25.443666,-23.212164,-20.265760,-19.004477,-18.976490,-20.667099,-24.382935,-28.332758,-25.116693,-23.705536,-19.427282,-18.527651,-19.638680,-22.713928,-23.009258,-29.878735,-25.443218,-20.987511,-19.582422,-20.243641,-19.219568,-21.659786,-26.317448,-29.348001,-24.338974,-21.530550,-19.851582,-19.458338,-19.560181,-22.933697,-28.434999,-26.635967,-25.130093,-21.612635,-18.728233,-19.179207,-21.685305,-23.692646,-25.895216,-30.606602,-22.923853,-20.181005,-20.159615,-19.897835,-20.933525,-24.226982,-30.302725,-26.994282,-22.745588,-20.362717,-20.500982,-19.402172,-21.151876,-26.561092,-30.130522,-25.152313,-24.519279,-19.681271,-19.085510,-20.397442,-24.005379,-24.841850,-32.683998,-25.691969,-21.659882,-19.972624,-20.126715,-20.785112,-23.387238,-26.788013,-32.276817,-24.475471,-20.866352,-20.951635,-20.284727,-19.994461,-24.223301,-32.430298,-26.548977,-25.686237,-21.634468,-19.330860,-19.853500,-22.532997,-25.176891,-29.830666,-28.819563,-23.937414,-20.524208,-19.991814,-20.481375,-23.280706,-24.858999,-32.980824,-27.407242,-21.948690,-20.603176,-21.563519,-19.864658,-22.278297,-28.832268,-30.751854,-25.572708,-23.833584,-20.150270,-19.901571,-21.081795,-24.580029,-28.680294,-30.961418,-26.239742,-22.065052,-19.998533,-20.009565,-22.571890,-24.865719,-27.671829,-32.970390,-23.793890,-20.624939,-21.574211,-20.763666,-21.027996,-25.787029,-35.407791,-26.969225,-24.794735,-21.276701,-20.386322,-20.444529,-22.935585,-27.404526,-33.325012,-27.070633,-24.563217,-20.489691,-19.757814,-21.206112,-25.510143,-25.629942,-37.315857,-26.371132,-21.518366,-20.776863,-21.660408,-20.741306,-23.902836,-30.629274,-31.129669,-25.369825,-22.225817,-20.959063,-20.575901,-21.380886,-25.269897,-34.890385,-27.519485,-26.506416,-21.840286,-19.793346,-20.198889,-24.065060,-25.942659,-30.244169,-30.286575,-23.158476,-20.604753,-21.339909,-21.018688,-22.843523,-26.462011
[0;32mI (18080) ANALISIS_ESPECTRO: Frame exportado | t=17.36 s | pico=78.1 Hz | 2.1 dB[0m
