Command: /home/yuusha1/esp/idf-tools/python_env/idf6.1_py3.12_env/bin/python /home/yuusha1/esp/idf/esp-idf/tools/idf_monitor.py -p /dev/ttyACM0 -b 115200 --toolchain-prefix xtensa-esp32s3-elf- --target esp32s3 --revision 0 /home/yuusha1/esp/projects/labs/Rep_SE_202601_grupo_Diego_Santiago_Chen/Lab_1/Ejercicio_5/analisis_espectro/build/analisis_espectro.elf /home/yuusha1/esp/projects/labs/Rep_SE_202601_grupo_Diego_Santiago_Chen/Lab_1/Ejercicio_5/analisis_espectro/build/bootloader/bootloader.elf -m '/home/yuusha1/esp/idf-tools/python_env/idf6.1_py3.12_env/bin/python' '/home/yuusha1/esp/idf/esp-idf/tools/idf.py' '-p' '/dev/ttyACM0'
[0;32mI (250) main_task: Started on CPU0[0m
ESP-ROM:esp32s3-20210327
Build:Mar 27 2021
rst:0x15 (USB_UART_CHIP_RESET),boot:0xa (SPI_FAST_FLASH_BOOT)
Saved PC:0x42006ec5
SPIWP:0xee
mode:DIO, clock div:1
load:0x3fce2820,len:0x14f0
load:0x403c8700,len:0xda0
load:0x403cb700,len:0x2f58
entry 0x403c8908
[0;32mI (24) boot: ESP-IDF v6.1-dev-2938-g12f36a021f 2nd stage bootloader[0m
[0;32mI (25) boot: compile time Apr  8 2026 14:46:03[0m
[0;32mI (25) boot: Multicore bootloader[0m
[0;32mI (26) boot: chip revision: v0.2[0m
[0;32mI (29) boot: efuse block revision: v1.4[0m
[0;32mI (33) boot.esp32s3: Boot SPI Speed : 80MHz[0m
[0;32mI (37) boot.esp32s3: SPI Mode       : DIO[0m
[0;32mI (40) boot.esp32s3: SPI Flash Size : 16MB[0m
[0;32mI (44) boot: Enabling RNG early entropy source...[0m
[0;32mI (49) boot: Partition Table:[0m
[0;32mI (51) boot: ## Label            Usage          Type ST Offset   Length[0m
[0;32mI (58) boot:  0 nvs              WiFi data        01 02 00009000 00006000[0m
[0;32mI (64) boot:  1 phy_init         RF data          01 01 0000f000 00001000[0m
[0;32mI (71) boot:  2 factory          factory app      00 00 00010000 00100000[0m
[0;32mI (77) boot: End of partition table[0m
[0;32mI (81) esp_image: segment 0: paddr=00010020 vaddr=3c020020 size=0f458h ( 62552) map[0m
[0;32mI (99) esp_image: segment 1: paddr=0001f480 vaddr=3fc91300 size=00b98h (  2968) load[0m
[0;32mI (100) esp_image: segment 2: paddr=00020020 vaddr=42000020 size=16254h ( 90708) map[0m
[0;32mI (119) esp_image: segment 3: paddr=0003627c vaddr=3fc91e98 size=025e4h (  9700) load[0m
[0;32mI (122) esp_image: segment 4: paddr=00038868 vaddr=40374000 size=0d2e4h ( 53988) load[0m
[0;32mI (135) esp_image: segment 5: paddr=00045b54 vaddr=50000000 size=00024h (    36) load[0m
[0;32mI (141) boot: Loaded app from partition at offset 0x10000[0m
[0;32mI (141) boot: Disabling RNG early entropy source...[0m
[0;32mI (153) cpu_start: Multicore app[0m
[0;32mI (161) cpu_start: GPIO 44 and 43 are used as console UART I/O pins[0m
[0;32mI (162) cpu_start: Pro cpu start user code[0m
[0;32mI (162) cpu_start: cpu freq: 160000000 Hz[0m
[0;32mI (164) app_init: Application information:[0m
[0;32mI (167) app_init: Project name:     analisis_espectro[0m
[0;32mI (172) app_init: App version:      bc6dc7c-dirty[0m
[0;32mI (177) app_init: Compile time:     Apr  8 2026 14:46:06[0m
[0;32mI (182) app_init: ELF file SHA256:  c034a5050...[0m
[0;32mI (186) app_init: ESP-IDF:          v6.1-dev-2938-g12f36a021f[0m
[0;32mI (191) efuse_init: Min chip rev:     v0.0[0m
[0;32mI (195) efuse_init: Max chip rev:     v0.99 [0m
[0;32mI (199) efuse_init: Chip rev:         v0.2[0m
[0;32mI (203) heap_init: Initializing. RAM available for dynamic allocation:[0m
[0;32mI (209) heap_init: At 3FC99690 len 00050080 (320 KiB): RAM[0m
[0;32mI (214) heap_init: At 3FCE9710 len 00005724 (21 KiB): RAM[0m
[0;32mI (220) heap_init: At 3FCF0000 len 00008000 (32 KiB): DRAM[0m
[0;32mI (225) heap_init: At 600FE000 len 00001FE8 (7 KiB): RTCRAM[0m
[0;32mI (231) spi_flash: detected chip: boya[0m
[0;32mI (234) spi_flash: flash io: dio[0m
[0;32mI (237) sleep_gpio: Configure to isolate all GPIO pins in sleep state[0m
[0;32mI (243) sleep_gpio: Enable automatic switching of GPIO sleep configuration[0m
[0;32mI (250) main_task: Started on CPU0[0m
[0;32mI (260) main_task: Calling app_main()[0m
[0;32mI (260) ANALISIS_ESPECTRO: Inicializando analisis de espectro[0m
[0;32mI (260) ANALISIS_ESPECTRO: fs=4000 Hz, FFT=1024, periodo=1000 ms, export CSV por serial[0m
[0;32mI (280) main_task: Returned from app_main()[0m
SPECTRUM_CFG,4000,1024,512,3.906250,hann
SPECTRUM_FRAME,1.071867,50.781250,65.963249,hann,512,32.638294,37.548698,29.973221,25.063208,23.063549,15.716129,17.073698,12.050561,18.801783,24.758509,30.715343,37.932869,62.577217,65.963249,56.693501,34.788338,28.780228,11.237318,11.295247,19.160603,16.830667,8.285452,19.267668,29.056202,40.794952,56.217148,56.877701,44.280342,24.373295,15.705298,18.006632,16.624363,17.018576,12.660308,12.069826,13.004149,1.846694,38.159061,48.076866,46.807293,32.871407,12.953549,12.896202,12.086936,13.593960,1.224991,12.535867,6.890109,17.787556,20.012835,30.768726,37.917576,33.122948,7.528854,14.870610,8.786896,8.172279,3.986782,11.015744,8.706587,7.683598,4.614993,20.061300,33.809715,37.091984,30.932880,21.360828,2.744359,13.301369,9.922061,5.187738,4.281228,8.896716,-0.775530,19.381357,12.338707,29.339426,30.527647,19.553892,13.856950,18.191349,8.456733,7.838428,10.178572,0.093824,-0.772775,5.131872,12.027676,27.594181,39.937622,39.411285,25.823307,12.059490,12.647186,17.732985,10.722466,2.243178,6.380918,10.845594,4.000412,13.112009,22.548668,31.005051,30.978785,18.722664,16.564442,12.419977,11.278421,9.387555,8.605190,9.120724,3.068711,11.003541,6.538761,27.483349,35.743961,31.197910,6.509974,6.517629,7.650387,15.227505,7.950013,3.455838,7.713587,10.332327,9.612658,15.723238,35.081612,40.021492,34.073021,6.903079,8.034550,3.991095,-16.390011,0.163450,7.399630,8.495783,13.679190,12.624926,4.954528,30.995691,34.413986,23.863529,15.871287,-6.865811,18.279131,16.093357,9.588426,12.659882,8.893342,-3.468723,12.045712,18.428759,27.552641,25.223322,13.684086,-2.405022,9.686277,14.198079,13.623384,-2.261684,2.424717,-6.812458,5.405831,13.729358,13.436302,28.048588,26.568766,-0.264396,11.169806,14.245022,19.548660,16.056084,9.547703,-5.232875,6.819357,4.441900,12.039106,22.159708,28.361515,18.582226,13.510950,-2.425786,6.138999,9.962242,7.470818,0.859925,-0.692981,7.303463,14.913911,13.146125,18.845047,26.376608,23.221615,8.116117,14.336819,18.041952,16.808203,7.235346,8.479823,7.674839,14.511403,8.490168,12.512028,17.549097,24.868988,11.578871,14.174334,3.488710,-5.092807,8.300358,-7.654753,5.228541,6.231188,-7.536297,10.114717,11.024759,27.031057,28.782099,19.914551,11.806843,-5.184144,17.432310,17.237724,12.201958,8.662580,7.801233,13.625372,7.709844,8.064775,25.448380,23.490591,13.607233,11.006113,5.401088,5.293572,0.853921,2.700543,0.975976,3.658164,11.076841,14.928508,30.732540,38.470100,35.475250,18.292995,8.527437,13.479463,12.901920,1.176367,5.070798,6.193192,-2.317585,8.961010,5.751833,45.253719,51.110462,45.106796,7.630391,6.600999,9.939858,10.356151,-0.077251,8.047735,9.643114,-3.749646,-3.223872,14.486518,29.742699,34.016136,24.545528,14.786846,-12.322300,11.726995,14.781422,8.934478,-2.327675,9.857147,6.057492,0.994337,10.737739,12.326986,19.336441,19.202305,-2.871528,10.280809,10.735336,6.490614,0.100120,-0.097229,10.215940,12.722387,-0.238657,12.665019,16.989851,16.895857,11.746372,6.552424,8.004991,2.458657,6.675272,6.071132,8.517178,8.485633,1.442249,11.454600,7.331717,19.130871,22.403057,14.004988,10.016913,5.269798,-10.659821,-22.783352,-2.648344,2.432529,4.550085,6.755407,13.253697,23.118950,14.964750,9.329678,11.387592,8.029999,13.121912,14.546339,3.995186,-2.047204,3.844852,3.384959,7.077712,13.840839,18.545601,23.418289,20.376888,8.110950,9.898811,8.010501,13.274378,6.955092,5.959253,3.363990,3.211089,6.041372,9.127921,18.302334,22.522404,17.728104,4.147044,6.266981,2.070057,11.618060,6.103577,6.397973,-0.604738,10.346632,7.595139,13.327976,23.226864,23.066446,9.751036,-0.982623,10.845647,0.830263,7.751850,1.043212,6.625382,6.958201,-0.527437,-10.668322,13.173226,20.926964,23.747580,9.837982,10.482379,1.013211,4.506850,6.291952,4.121560,1.330372,-4.231676,-1.565739,13.979689,23.265759,28.620226,21.290066,0.815784,9.346956,10.509388,-0.558792,0.653191,-1.529723,-1.674362,7.480401,9.305879,7.844303,11.583662,22.841721,21.795845,2.996188,4.268042,-4.788631,-4.202466,1.911031,-3.370802,0.008105,9.654387,11.398095,10.786186,19.044569,25.904343,16.822407,3.166471,0.676380,4.649676,-1.298246,3.838034,-3.679240,-5.249963,-2.375803,12.368726,18.785936,24.443892,24.050602,15.861053,2.923874,15.083436,14.882903,10.573997,-3.246746,2.737127,-1.391430,-4.856271,6.062195,17.414841,29.075577,27.400152,-3.335747,12.131997,7.722183,12.514290,8.756145,3.102539,1.486758,9.279241,1.477516,8.570822,18.185719,21.396196,18.325598,10.021591,-15.476706,3.158483,2.194845,5.884905,-3.469253,5.438999,3.501842,1.292003,3.291921,29.102448,34.154209,26.264685,10.915716,12.226682,10.795115,-1.594843,7.372262,10.031215,7.278591,-7.016629,3.465841,7.598621,16.145000,16.750479,14.476151,13.548994,7.238361,2.106669,7.595689,5.396174,-0.258827,3.782837,3.851157,2.938523,26.687428,38.703587,37.770897,19.909843,16.125156,5.262469,5.353284,9.592428,2.385376,3.572427,11.283221,11.071553,14.791945,34.083256,42.552166,38.837410,17.499563,4.932843,3.983498,0.802204,4.123817,10.319027,-4.997790,11.117418,12.834877,18.082489,56.315632
[0;32mI (1730) ANALISIS_ESPECTRO: Frame exportado | t=1.07 s | pico=50.8 Hz | 66.0 dB[0m
SPECTRUM_FRAME,2.095876,50.781250,66.004395,hann,512,20.779598,33.468189,25.005806,19.443939,12.350402,5.580941,10.107174,18.396706,13.673610,16.392191,25.528097,40.033016,62.532501,66.004395,57.194672,34.102978,23.584553,14.695370,15.732384,6.856595,11.014448,13.918992,3.563680,24.572620,39.436684,55.753609,56.938980,44.934799,28.026287,18.400158,3.528882,8.565886,9.016602,10.846887,9.867323,13.839984,16.531250,37.088329,47.315788,45.336777,26.314028,19.223988,12.532873,0.771018,-5.170656,9.716378,11.404953,9.509990,11.732525,2.547964,32.492722,39.258316,35.611908,20.222061,9.319389,14.904089,7.123916,4.452601,6.530984,9.390114,6.619260,4.089669,9.505521,30.785971,35.453094,27.557747,15.621224,4.304952,6.968708,8.660817,4.792536,-11.052789,1.181491,4.617031,5.379414,12.145654,26.307318,30.560093,23.364973,1.089768,6.814851,4.061760,2.153879,3.336867,4.793076,-4.113472,1.766624,11.961172,24.558838,39.016411,38.965065,23.752844,12.386116,11.439447,14.018995,6.258153,-0.665171,3.536372,6.231427,-0.039636,-3.640869,22.538145,31.119759,28.197227,10.496806,12.083769,7.466082,5.492761,7.748198,7.868483,-0.040993,4.364644,-3.000901,3.482785,26.507586,32.368298,26.781181,9.111172,1.394197,15.654224,18.340263,11.794388,-11.450419,-2.076376,7.217042,7.420082,5.951612,22.206146,24.741173,15.750836,11.951161,2.571226,-11.432602,-5.487109,0.306413,-6.011246,5.762573,10.324255,13.835517,10.541043,31.619442,33.845852,24.196255,12.068318,3.349234,14.738449,13.943095,4.676067,6.993400,3.094698,1.777133,7.032917,18.400425,29.643818,27.712139,9.740046,-7.403274,4.956458,10.824862,7.972763,4.884445,11.228903,8.880138,1.424755,6.838791,15.258327,24.043352,22.462530,4.781057,10.325242,10.162343,17.375198,10.041830,4.835240,2.368312,4.719390,-1.121444,-7.995258,22.321548,28.045237,22.649353,11.811048,11.721908,9.904120,1.202621,7.357425,6.440583,-24.473169,-8.560738,4.369687,10.770611,26.348190,29.757195,20.281029,10.533213,11.667349,16.467386,15.712396,3.523768,4.801542,-1.588221,0.428852,3.326102,8.844883,22.497950,28.347063,22.647129,2.621925,7.462542,8.149809,-2.944772,0.589586,1.546716,5.705076,7.689534,-5.334402,11.479859,22.812405,21.667080,10.659484,8.237264,7.957648,14.328197,10.321627,3.421756,6.461358,-12.608127,1.214211,5.967625,16.708694,26.870907,24.658691,15.719132,6.666841,4.506703,4.348077,7.462252,7.014900,6.404777,7.938285,8.040906,3.266887,24.327124,32.645836,28.324646,2.350192,8.445859,13.051197,13.645697,7.207471,10.175325,5.447885,12.359367,7.845489,11.507243,36.292225,42.904133,37.592209,10.391641,8.653222,10.490225,6.249464,3.896624,7.240064,5.264425,10.254583,11.610987,17.658363,32.905258,35.908195,26.514559,14.936828,15.193296,15.440001,9.395433,4.599051,-3.309369,7.496810,10.824408,1.837112,12.416965,24.843212,26.018476,15.594497,1.608131,-14.276260,-6.148067,-9.310471,2.668667,-14.731244,-2.138684,-0.199247,2.447868,22.036572,29.555874,25.248260,13.043326,3.649561,9.919918,11.544743,6.952331,-2.490665,6.284451,5.969713,1.708641,-0.741030,22.517395,31.038483,27.626072,8.945704,8.598902,4.032973,2.177907,9.668498,8.276962,6.761113,10.658559,5.616178,7.879114,25.170151,29.663872,22.426310,10.234146,8.691095,6.669188,4.739811,3.933882,3.308649,0.473044,5.677984,-5.109671,9.598587,24.635086,27.137213,16.467186,2.724910,-7.256352,4.312958,5.834536,5.388712,1.917236,1.474738,1.423267,3.247212,14.979888,28.188122,29.587769,17.834524,9.263824,6.383273,1.570206,-0.052744,1.569752,9.802076,5.774128,7.029680,11.225460,17.243084,25.552073,22.227448,1.873562,6.449255,8.474869,13.289060,10.584760,8.020930,10.553524,10.054980,4.927522,5.863738,23.608912,31.779934,28.103596,1.398847,0.005447,7.184375,0.551540,1.970932,3.305493,-9.711073,-0.345634,6.720950,7.826124,27.758028,32.128407,24.539623,5.761705,0.213594,6.648694,-3.644839,-12.082667,-0.457017,-1.950639,-6.116841,-1.938040,12.266809,29.545177,31.739340,21.240631,7.838391,5.151831,6.865915,-1.061157,5.686631,2.786247,6.430718,3.178940,1.934537,11.128282,26.084721,28.250771,15.895441,8.204577,-3.030442,8.754136,10.041761,-0.340074,4.901255,1.131152,6.174839,7.996099,20.700905,28.143017,24.725132,8.425208,9.053998,3.125185,6.068197,9.133913,2.530086,9.627304,8.985707,5.736228,3.749922,22.378834,30.749987,26.804756,1.330235,-3.975446,-9.117238,-1.905587,-9.708554,-2.796638,5.855779,7.257497,7.288482,1.567741,15.296830,13.859521,7.187915,4.813090,-1.276381,4.302633,7.852825,5.072793,3.177644,-0.641071,9.974370,2.180691,9.844480,31.348137,34.840385,26.909119,6.423347,1.721826,-2.146699,-1.894308,-0.609331,-0.771564,1.379558,5.695129,1.595365,8.140089,17.918575,12.381520,13.340464,8.739026,5.297453,-3.781790,5.837263,7.458977,9.817737,9.045061,9.804531,13.113327,26.586428,38.726135,37.501396,21.087383,8.135429,-3.499706,6.574359,3.964271,-12.843254,5.613626,11.732322,14.166245,11.843374,32.354694,41.671150,38.294331,14.697865,8.637244,-9.931493,3.774500,-2.576852,3.741991,8.238797,5.602012,6.635638,9.313522,57.746002
[0;32mI (2750) ANALISIS_ESPECTRO: Frame exportado | t=2.10 s | pico=50.8 Hz | 66.0 dB[0m
SPECTRUM_FRAME,3.119870,50.781250,65.614494,hann,512,29.131466,28.429754,2.463309,7.751223,15.409954,13.649529,13.696098,7.069689,9.030439,19.843340,25.162251,39.320484,62.108223,65.614494,56.810577,32.649570,22.844458,14.476323,14.802943,9.847330,1.089578,5.203502,12.725145,23.557121,39.572025,55.598915,56.743107,44.821419,25.904629,19.228664,12.515627,-4.028213,4.834920,1.018992,8.204583,3.252996,14.392918,36.174576,46.964470,45.387772,29.409351,12.390599,8.855306,5.636389,6.355464,11.059703,6.383708,4.729790,-1.769990,15.235931,26.234226,33.895027,31.912214,18.903234,5.279351,3.584559,6.978557,7.786715,6.131379,10.417689,7.898569,7.381201,15.767063,29.822762,37.079327,32.426888,10.936762,1.202771,2.315276,2.966426,8.771075,11.246550,1.569722,4.469397,-6.293051,17.457249,31.342915,32.461494,20.003979,13.799371,0.966546,0.468853,10.510372,1.595863,8.989178,5.129387,8.031273,6.053973,26.950603,40.331268,40.709221,28.698902,9.598413,9.996072,14.358591,12.517879,-3.869420,10.806804,8.037766,0.522599,0.601453,21.423607,32.590466,31.948479,18.812445,4.045408,-1.479694,6.608084,6.853750,7.416251,9.464183,10.909435,7.712616,5.831323,28.801044,34.323505,27.829121,9.832529,3.867043,15.789129,16.307966,2.956120,10.374889,9.063072,6.240456,1.826705,-7.905355,34.499420,40.165005,34.211601,11.058272,9.302507,7.010759,1.570213,6.021107,2.637392,4.601948,0.506527,0.329972,15.886201,28.484600,28.215279,14.482117,7.299106,7.429567,16.541733,15.828958,3.309036,3.276871,7.760854,2.785802,-1.092983,19.640696,32.127724,31.600433,16.975138,5.640455,-0.073451,11.325373,7.718260,6.297807,5.500556,5.790215,-2.515903,-5.358899,13.034534,17.640308,17.134207,12.662163,11.732106,16.519728,20.987278,17.754251,1.685991,5.825248,6.575200,3.727202,2.544692,23.800365,27.913809,16.490025,10.206907,2.468660,3.625176,11.263126,6.625244,7.974319,8.487910,4.796982,7.196400,3.870765,28.776768,33.063683,25.728336,6.736830,6.954226,16.168528,13.825546,-11.053370,4.693609,8.013249,6.376219,5.695863,3.722491,22.590519,28.330109,22.612045,5.394755,0.096023,11.112854,8.196167,4.120573,8.736369,2.451513,1.997209,11.476526,6.117529,21.247473,20.717489,8.330723,-0.599399,11.634514,17.557142,9.010492,9.056384,8.491383,-5.593975,-2.808838,2.998915,17.761600,26.784645,23.971796,1.245972,-4.580963,2.911768,1.523311,-5.942010,-4.270289,2.837106,0.189302,8.619586,7.104180,26.781273,33.254379,27.927776,12.022456,4.237970,7.656469,10.674221,7.913384,7.691113,6.937564,12.682459,12.869345,12.147112,28.377430,36.341728,32.252476,14.890952,10.609375,7.423905,3.517572,0.534566,-6.227628,0.445177,-2.571279,-4.915588,12.672709,33.282925,36.548008,27.251463,12.150694,7.811730,7.204273,6.809634,3.846191,1.334882,11.131558,4.798473,1.110601,9.838634,16.622429,19.131750,11.098166,-2.496537,2.311431,3.951246,3.029952,-0.241593,6.644866,-1.796510,-1.286387,-3.073109,20.154686,27.585165,21.686626,8.365464,2.212491,5.124227,4.835365,-6.432224,5.474242,7.825077,8.625305,9.525644,2.522340,20.077568,30.587332,28.449011,12.003311,0.953809,-0.004632,4.821742,5.653312,-7.049085,3.500202,4.986543,6.519787,8.066462,19.814779,25.417534,21.944389,8.755644,-7.955692,5.120296,7.741390,3.706340,3.171546,9.056708,7.615631,9.196655,7.040036,24.312773,27.717762,18.309052,10.713778,6.954674,7.554896,6.960922,-6.288631,13.370697,11.302170,6.627861,3.063294,7.717589,25.005619,27.349392,16.399384,4.727277,3.933201,10.280972,9.749983,7.680198,13.582435,14.432787,11.024104,6.322870,16.339518,22.865953,18.649059,-0.207643,6.813900,7.832016,8.170647,3.534356,0.355292,6.650606,-0.966557,1.588548,9.904963,20.457724,30.070135,26.504639,7.192516,5.699300,4.366477,-8.023186,5.625038,5.686114,5.928565,6.910997,-0.192239,4.507191,17.371052,26.262550,21.783901,-6.792270,9.459107,10.977158,7.689426,4.524219,5.144976,-3.166872,-4.460425,-7.660885,10.160616,26.228214,28.003418,14.499382,7.103984,4.196895,5.561565,4.877190,-5.464011,-1.388632,4.566047,6.962116,7.105590,8.780615,26.656700,28.409460,14.586649,9.368523,5.641809,9.290790,-1.855441,8.072001,7.553674,10.865216,8.703383,0.587125,14.757759,25.560530,23.327715,6.023713,1.935583,0.426872,13.119316,14.454551,-15.480948,12.014099,10.055372,1.444320,7.880508,19.798988,29.817223,25.624802,0.252494,-10.386734,2.954499,2.617301,0.911547,8.125584,5.406012,-7.732251,-4.905219,9.680620,18.984392,21.305603,14.666990,-2.238577,2.601542,1.553182,-2.386604,0.638460,5.294105,5.542734,6.510244,4.263690,3.065034,29.252520,32.631939,22.565355,11.473018,11.089193,9.996107,8.102466,7.812315,11.437836,6.456964,4.952298,1.606507,4.423951,18.577726,19.292091,9.724472,-1.347542,3.205813,4.630690,-1.096236,8.734619,9.295700,6.838405,-3.065003,12.778111,25.533373,38.189869,37.110497,21.324284,2.013287,5.787731,4.584698,5.554962,8.406214,2.052099,-5.598948,8.030473,6.529181,32.279613,41.466606,38.255371,16.659510,8.502990,9.880766,13.020091,7.559695,2.726746,3.086599,2.209793,1.315692,9.385317,58.610023
[0;32mI (3770) ANALISIS_ESPECTRO: Frame exportado | t=3.12 s | pico=50.8 Hz | 65.6 dB[0m
SPECTRUM_FRAME,4.143868,50.781250,65.804466,hann,512,34.914211,39.023491,33.638031,29.116837,26.764376,21.889339,21.319897,22.469387,22.367538,24.344004,28.541763,43.184029,62.614990,65.804466,57.203068,21.238108,29.660431,24.249174,16.648472,6.300240,10.263915,17.020344,6.395617,29.177872,41.641182,56.183678,56.865814,44.651436,25.834475,20.012630,14.403015,20.061949,16.934677,11.301622,21.196548,20.288542,25.351826,33.863205,47.005051,45.606316,27.081238,23.833317,16.968552,16.147455,17.738060,16.510784,9.834407,16.142519,17.368858,22.517822,34.152328,39.132252,36.401783,24.440258,14.926893,-7.800138,8.185214,0.833313,2.171168,2.177220,10.343372,17.905214,19.206972,27.238529,32.958763,23.254663,17.245975,15.315276,17.768183,16.439350,11.694741,-0.920352,10.298200,4.633406,11.378779,18.393684,23.875721,28.620913,5.266409,22.100735,7.564640,12.226824,4.954957,3.545623,4.318623,16.646082,19.816053,21.046082,19.046122,38.328926,37.874683,20.508266,13.737839,9.643134,3.086759,14.859519,12.999619,3.516569,11.787281,-1.132295,-0.195522,23.751204,32.757572,31.378891,16.667583,17.688801,12.997693,-1.593316,2.111976,1.992895,10.471445,8.700649,10.843206,16.342686,22.338179,30.896494,22.546387,12.725933,-5.594922,1.229124,13.188593,9.739801,6.259412,9.962145,6.035887,9.047295,7.116819,30.741707,34.277264,25.744045,12.183076,10.899086,4.179044,4.501356,1.452449,5.608165,3.118884,4.797953,9.766329,12.761847,31.172527,34.114109,24.114220,7.888213,1.758351,17.466419,12.978248,9.576554,10.715080,1.366899,1.136508,10.717940,20.377052,30.896126,28.621071,17.507885,9.949405,10.818849,17.583618,14.019720,6.935355,11.115057,14.053844,10.877963,2.570204,9.208123,25.612045,25.343512,13.030047,-1.717137,13.728893,16.458111,9.934109,5.155749,4.751655,9.088744,9.740361,7.732856,26.159451,31.322823,25.860243,14.409090,15.300320,14.059105,7.176607,12.888016,12.307801,5.188679,0.274294,3.465617,16.728008,26.337334,27.844477,22.468195,15.670939,13.671718,15.645039,17.680229,9.847452,11.625452,12.172594,10.961887,8.801115,9.814129,21.858625,28.029425,22.830362,4.237877,8.171032,10.764528,5.552731,6.803493,9.426778,5.834957,1.502933,10.710984,17.263920,18.888847,21.926971,20.125420,16.364731,-7.044840,14.948253,7.171613,6.951039,3.573055,11.809868,14.551107,12.543411,18.293180,26.251410,26.586054,17.985001,10.288821,11.698494,1.643537,3.292119,-8.122080,14.769472,16.289448,9.492941,12.089686,24.768736,35.937649,33.436848,19.796375,16.623240,18.032463,17.177605,10.062086,4.555291,-0.134747,9.356039,13.513932,15.700008,31.496353,37.078636,28.716164,15.717337,9.112175,8.711362,6.286401,4.668656,11.407524,14.187236,2.253077,8.743780,18.296736,33.883430,37.302021,30.134966,9.817015,11.050811,7.540531,5.250237,1.506019,8.017004,6.979894,0.187340,11.229767,20.494209,19.157833,20.116993,20.701027,15.272216,8.015497,1.719058,7.451513,10.818691,3.417557,9.461488,10.402402,15.456512,24.000641,28.761026,25.306915,12.758447,8.415376,12.984097,14.133129,13.767587,13.349294,12.703256,8.068086,11.287525,16.391727,24.621758,26.894028,24.356880,18.372923,10.872118,10.056423,7.254629,5.638991,9.705991,11.685677,11.376467,15.452267,16.533979,22.887745,26.785507,24.394148,12.313857,-3.074420,0.907236,-3.534939,4.004587,8.801911,-0.683469,-0.019075,7.255735,17.096226,20.603197,20.663784,18.023643,8.948007,10.881266,12.134117,9.543854,9.529875,15.000772,15.400224,14.361667,14.685019,23.230915,29.919985,30.473263,24.126072,10.959795,10.357468,10.731518,12.428677,11.830099,15.886708,18.649900,12.010630,14.327765,19.392649,22.988926,21.224974,17.731380,15.318930,8.027630,10.902536,14.471071,14.471406,13.311340,7.674798,11.187673,17.501148,25.722258,31.362951,30.202940,18.946140,12.134075,0.426510,-0.781021,-2.391632,7.729152,10.054981,6.807466,14.388747,18.633114,19.632164,19.680126,17.861885,12.261552,5.709654,13.854946,13.741370,14.292599,12.439159,14.056529,9.268835,6.066978,19.733963,28.138178,29.633362,25.079048,17.027575,12.444930,9.429911,8.259229,5.700202,3.418867,10.097398,11.415852,17.469269,21.485022,28.356504,30.080360,23.202494,10.092228,11.817103,13.250084,0.351545,9.848955,8.419273,10.561375,6.802182,11.600728,19.228390,25.654345,25.445671,18.851534,16.389828,11.725387,5.384902,8.286382,8.035226,8.850508,6.082491,12.972832,16.180286,25.231434,30.633333,28.367624,16.718712,12.176987,9.042712,11.076111,11.460076,8.317411,10.802101,9.065913,11.583031,16.260424,9.568769,19.549013,17.371151,13.905181,2.336555,6.515959,6.716470,6.518831,7.114238,9.275752,11.276403,11.109980,19.160198,30.479279,33.564503,27.916466,12.736795,1.471356,-13.829731,5.726174,8.946086,4.511752,5.607431,11.572350,13.982023,17.760777,23.804550,26.432724,20.862888,11.505008,6.358570,8.614630,9.526436,11.640539,7.459177,11.641085,9.665475,11.247987,25.335510,36.966740,36.432961,23.750053,16.227060,10.813246,9.934263,3.543500,1.806321,3.708406,1.934655,9.802624,20.007477,26.470303,37.554504,33.214909,12.428459,14.102152,12.859191,9.478720,3.694332,10.997028,1.573491,10.766126,14.967227,17.879486,58.792519
[0;32mI (4800) ANALISIS_ESPECTRO: Frame exportado | t=4.14 s | pico=50.8 Hz | 65.8 dB[0m
SPECTRUM_FRAME,5.167867,50.781250,65.666862,hann,512,27.612968,38.284668,32.714252,29.675104,26.620186,25.658140,25.611347,24.082117,22.565577,22.148973,26.623314,41.807327,62.271828,65.666862,56.865700,34.954430,26.310909,11.265654,20.285400,22.565277,10.465783,-0.176870,20.394226,22.685802,41.059464,55.827061,56.649662,44.329971,29.009237,22.303600,19.284382,10.761290,22.321659,20.359947,16.657370,21.846882,13.650835,36.436211,47.926697,46.226036,26.931047,8.442446,20.134159,12.735231,17.987387,20.289024,19.264507,13.646688,13.674621,3.488140,24.696175,33.917053,28.748291,9.714250,18.884857,17.524059,14.092374,19.888838,18.633465,14.203038,17.162043,11.417557,12.278819,31.658398,35.257458,26.622112,8.190135,9.701221,21.826460,20.815617,19.423454,23.014433,19.944962,16.320232,16.964287,18.176363,31.017746,32.877842,25.495804,8.813813,18.923130,18.781027,18.632229,19.704659,19.541571,20.175400,18.166420,16.970808,27.686111,41.234673,40.594631,26.296673,10.265240,13.900428,19.120819,16.299721,17.280849,12.789970,8.906928,14.558060,14.858665,15.828085,32.427608,30.267128,8.767313,7.763061,14.906939,10.307009,12.207335,12.708683,12.998948,15.844898,3.356219,16.012486,31.083052,39.023674,33.973106,18.152756,10.979193,14.400411,13.269338,10.003037,14.894771,3.044778,17.939188,19.081377,15.057400,39.326221,45.311974,38.575256,19.377079,17.160566,11.390253,13.866378,15.214149,7.255709,9.333511,0.561841,12.074144,16.882677,33.701206,35.246086,26.392773,9.781618,18.489090,19.233418,19.295807,15.658383,17.411612,18.072021,16.605734,6.102879,18.612209,29.933050,30.461792,17.690733,12.762035,17.386417,16.979225,15.268345,16.120302,13.186584,9.813996,13.152575,3.917315,23.040163,29.781509,26.602051,12.644911,6.355724,1.645936,10.885278,14.810925,13.218252,14.538932,8.079825,12.219622,9.395082,25.811905,31.066496,27.130804,16.561157,6.168013,4.236233,12.686519,15.598877,13.191059,6.895638,10.318727,9.182172,7.014514,21.067482,24.310820,14.622900,2.988165,10.381551,13.782783,7.430029,8.948696,11.789795,15.080706,14.059368,10.451536,9.533778,29.366695,32.177433,24.014795,10.301554,15.258503,10.613791,9.003869,13.301144,-0.915589,5.990267,1.091010,12.110407,6.527391,22.903324,24.507933,1.502020,11.736198,2.533136,17.164881,15.851164,4.266040,13.024102,14.858418,1.847118,13.310217,25.977394,35.690331,31.934158,17.728579,14.077201,10.519964,15.507641,11.334310,14.501701,17.868458,8.059850,19.962078,20.965332,30.937729,39.970177,34.734524,18.126743,16.696777,5.508852,23.736143,19.374552,21.597645,22.267904,26.585129,29.049973,30.732323,38.288635,47.102398,37.537102,29.798756,29.121635,25.710848,20.082741,19.551764,9.816233,18.628099,11.605711,14.454660,2.738579,32.767868,35.697983,24.611340,12.632601,14.648900,9.911739,11.013459,10.749198,5.319577,9.144104,10.551086,13.326149,17.532133,35.599895,35.557205,22.433748,-2.046778,0.257280,7.038604,7.240983,4.170383,5.051494,8.566978,13.951803,6.281295,21.377676,26.071226,19.925388,5.531341,5.256000,-4.350959,1.351695,0.587149,1.159147,9.243613,7.877977,6.365262,7.346831,20.882847,27.176544,21.318026,3.649411,3.847522,-11.371473,-9.237635,4.082566,-6.875877,-0.276802,7.322601,-6.832547,-2.964259,20.989788,24.009438,16.529772,4.614151,6.709494,12.274118,6.162800,3.671159,1.931282,12.904807,7.793712,7.385695,0.741386,24.141121,25.817497,17.513266,8.258783,4.376678,10.102706,1.232586,10.031246,11.407257,-3.573706,9.269777,6.340558,15.156068,25.662205,23.656733,12.540878,6.331219,9.924439,6.945508,9.390478,8.158544,8.788909,1.933354,10.634704,11.231041,15.864573,21.402058,20.034838,9.223572,1.542507,8.529531,4.723594,0.297300,9.069236,14.278046,3.886970,11.758373,11.836892,21.366350,30.257845,26.408491,14.092418,10.870192,6.254432,11.568689,10.903898,2.219552,4.644165,8.387333,12.130919,14.851608,31.352673,35.337097,31.568924,15.458545,14.116082,11.885555,8.470956,-0.774855,11.424421,10.393195,8.945015,10.084875,12.961596,23.782446,27.808687,22.819542,7.334947,2.623223,7.575469,9.349345,11.908545,8.561832,5.759563,7.194201,8.995799,7.999656,18.503819,21.434385,13.594852,6.775033,11.284662,12.705820,8.695779,13.808554,13.773264,4.733393,10.220127,3.652059,13.621798,23.544456,24.635525,19.031126,14.127960,6.493938,15.179820,18.031364,9.683023,5.938681,12.024385,9.162664,2.497053,15.380907,24.199869,22.555105,7.840854,3.802853,4.312490,4.473603,8.128919,8.135201,5.260543,8.361885,-4.075638,6.756556,21.178085,25.379585,22.939522,9.252299,-3.561682,4.996065,9.887639,4.132269,-4.382231,3.510253,2.836602,-10.177050,7.681955,13.262185,16.121220,11.289715,1.853181,9.011118,10.288403,-2.826431,-3.688049,6.532896,13.196411,8.826567,-3.123936,7.974017,15.201568,14.901979,5.617063,8.343436,9.435143,10.231260,0.408036,4.594845,-1.273399,9.250266,1.258780,8.688678,12.726392,23.478893,21.116650,2.661323,-3.684342,0.886769,10.036810,8.818683,8.280373,6.238142,5.309336,15.108933,3.139419,25.463221,32.320560,31.113884,17.191610,19.113348,20.545118,20.562475,23.144646,26.435154,29.105799,33.122910,35.774845,37.219765,57.397064
[0;32mI (5820) ANALISIS_ESPECTRO: Frame exportado | t=5.17 s | pico=50.8 Hz | 65.7 dB[0m
SPECTRUM_FRAME,6.191866,50.781250,64.271561,hann,512,25.110559,22.900932,16.951006,18.772148,20.159170,19.204403,11.143393,13.122286,3.122063,21.419197,23.012028,39.654579,61.029587,64.271561,55.226822,30.993999,23.886213,14.812884,18.189167,9.970418,9.314756,8.571435,18.327896,21.445074,39.316635,54.266884,54.907646,42.113800,24.558445,15.741304,12.677410,0.258955,6.995432,14.235250,8.517097,2.398341,16.987282,37.465683,48.424385,46.798271,30.068501,16.287045,-3.870127,5.574865,15.739508,15.338085,9.955454,-1.301450,-6.164321,3.128137,31.247154,39.237900,35.728073,17.094551,13.076637,10.968543,3.867350,9.278362,9.131371,8.474767,5.237255,0.921661,1.850155,25.108536,29.528316,20.337337,6.807670,4.747114,11.837730,13.129763,9.953064,10.317883,6.217149,-6.320606,2.202707,11.867347,32.801659,35.132137,24.017305,7.737512,0.720429,0.244175,1.709615,8.206350,11.491547,12.662387,10.289726,8.350663,25.463318,37.039391,35.708321,18.322845,9.930367,4.495619,12.995939,11.542506,0.985085,1.568056,12.654190,13.544209,6.394120,18.139460,24.389919,22.154139,17.354816,7.965899,9.124344,11.436557,4.803129,6.138925,7.494876,5.175228,7.630470,11.831623,33.225449,41.627621,38.007648,16.519226,10.367976,12.624244,17.618656,3.916513,5.281319,5.199072,0.828038,-7.634848,6.264508,41.317181,47.365898,41.526836,9.911036,8.494684,5.368187,9.739797,7.056167,-7.442346,7.621361,-0.517751,-1.671498,7.987379,28.908363,33.874603,26.482533,6.294385,3.057026,16.502872,16.416187,6.199237,-1.723907,5.726543,1.851405,-2.252923,22.315075,34.691742,34.346954,21.395302,4.715257,7.354176,11.877234,9.479353,0.247068,5.920268,8.789334,8.028354,8.037533,13.837240,28.500681,27.816820,12.351579,9.401616,13.485479,20.721828,16.688269,-11.836996,3.356458,8.708730,10.606084,5.477228,20.258938,26.470835,22.817070,9.939681,5.939219,6.344715,10.058273,-0.212312,1.596798,-2.038816,-1.509560,8.500393,7.217109,22.933931,27.447205,20.953703,10.816544,8.110117,16.588665,17.456184,3.219872,-16.448133,5.392928,5.576055,0.996224,9.139129,23.076355,30.104851,24.092913,5.132213,1.980364,0.170402,2.321732,-2.155339,1.990172,-9.831589,0.385409,5.477870,11.868847,26.221966,26.322796,13.910399,4.983376,5.240036,17.120308,14.507471,6.322676,10.429258,7.658732,4.300990,7.296131,23.974369,36.720169,36.090752,21.923409,-2.550732,8.975679,3.880178,-4.420998,-2.871720,-4.441825,-10.031096,2.672669,16.031281,33.535713,43.293900,40.164948,16.546894,13.704911,13.019341,14.633825,4.777335,-10.194160,6.346497,9.215667,0.148010,2.585818,53.912449,59.826103,53.722801,4.139665,3.916003,2.047349,-3.804756,-2.266529,-12.309598,-0.160506,-2.212103,10.318612,19.087151,38.897930,41.231541,30.477753,10.230766,7.681122,8.885473,-0.948076,1.129038,7.945836,9.555123,5.816577,4.743065,22.286798,36.686272,37.293938,24.857193,4.084300,2.507980,1.138268,6.692177,-8.988078,-0.027797,-0.723456,0.845570,7.751117,21.351892,29.361824,26.483381,17.537796,12.439485,5.839403,3.213315,8.793619,7.720473,5.498294,7.831759,3.412046,1.552643,20.242937,30.144941,27.220131,12.061321,12.563921,9.375862,5.036001,3.894366,6.579072,9.544229,10.551033,12.478739,6.997909,19.348564,21.089520,9.622988,6.127367,10.909607,7.441137,6.293497,6.213966,5.576723,13.597903,13.467693,3.123553,7.014774,26.281239,30.092833,21.743057,-6.974461,2.746570,-11.317701,-0.751989,7.313101,9.398897,4.014301,2.365504,7.040218,10.420915,26.595436,27.931383,18.242123,-2.439317,4.147866,5.077014,3.985243,-4.851566,5.252128,4.313827,0.191658,8.210313,20.237251,32.967983,32.215199,16.903723,-5.692025,2.566400,2.212660,2.001463,-5.333624,8.533045,6.831353,9.277917,3.193789,29.146912,38.345039,35.187183,12.426716,7.819358,6.553568,10.414244,11.878585,7.248330,4.238223,4.321341,-6.927664,-0.704875,36.526951,42.698845,36.848648,1.543205,3.943756,6.429167,9.953210,9.672130,-2.386004,-2.845351,5.198546,6.657601,18.018879,36.131058,38.978199,29.777935,4.941229,9.973969,12.555308,6.064125,-1.852322,4.001658,7.082802,6.808112,3.070439,13.339851,28.654108,30.333290,19.936769,-9.109149,-9.396981,3.170953,3.545728,-10.058739,4.644074,-1.535724,3.003145,5.415219,16.649635,23.849352,20.358234,8.450700,8.766796,7.080948,-3.859717,3.850017,-4.715536,2.918200,6.072991,7.105660,7.726956,23.906513,31.474831,27.214394,10.363761,3.213782,8.510798,6.524377,2.170156,-5.731987,-1.207671,-0.760897,0.317358,-4.895913,12.502285,15.435658,11.621868,4.922299,3.678202,-0.983824,4.947061,8.840761,8.632999,7.420965,1.831977,-0.444952,4.947666,20.989822,20.892456,9.284677,5.085559,6.829406,-1.404836,3.075266,-6.405240,-7.245883,1.723415,2.830288,-0.967817,-11.034916,19.449823,21.913280,11.313429,8.564472,4.205006,2.963427,3.561179,1.262802,6.038383,5.602500,7.900362,7.478922,19.944723,25.899170,18.259192,11.442617,7.005375,4.899446,-6.312218,-11.070438,-2.386078,4.852035,0.366453,7.232919,9.987007,21.227913,30.152370,26.740234,6.053129,-5.573334,-9.512026,3.567903,5.641377,2.380888,-1.609087,3.343245,-16.298946,8.435737,38.885117
[0;32mI (6840) ANALISIS_ESPECTRO: Frame exportado | t=6.19 s | pico=50.8 Hz | 64.3 dB[0m
SPECTRUM_FRAME,7.215877,50.781250,64.489502,hann,512,30.946476,31.982176,9.232492,18.651703,5.432164,19.527325,6.437731,16.225807,17.156563,20.621233,20.963041,38.991924,61.152428,64.489502,55.416927,32.017963,19.174477,17.505014,14.191401,12.267747,14.102925,11.124346,16.389584,21.981640,38.892139,54.435631,55.225204,42.626877,26.201843,13.396313,8.385996,9.049073,6.346926,0.675461,9.864317,6.600079,19.944914,37.391670,48.262459,46.434612,28.772385,15.760767,4.494625,16.615635,14.196749,7.894361,8.490797,6.833015,5.675283,-0.439021,31.689678,38.323135,33.002316,8.963587,6.615076,5.751779,8.236855,7.024594,5.403115,7.318873,2.037907,8.223261,10.336393,27.725483,33.169926,27.050201,9.498683,4.238684,12.372079,14.024487,10.509864,4.199423,-1.594045,8.215206,8.277390,17.553200,35.085529,37.754250,28.582859,8.656711,1.271206,9.659333,9.496616,-10.767719,2.828006,0.208877,4.428764,9.322715,26.155214,39.947819,39.968220,26.401203,5.313225,5.285713,16.702642,14.682487,2.874998,1.129497,8.383256,8.109158,8.645126,25.641739,37.271057,36.298340,22.560356,4.867766,10.973701,7.664971,7.806299,-0.752961,9.563269,7.284458,7.222440,1.436123,24.531420,35.368950,33.245731,15.225460,1.232964,14.880762,16.926804,12.397685,7.494049,7.263692,6.494666,0.162824,0.264608,41.164761,47.491131,41.833950,0.116594,5.557864,8.749558,6.888575,0.761032,1.470256,1.802193,-1.998051,8.457653,20.406326,38.683289,41.248398,31.420513,12.012654,11.369572,20.783634,18.970297,5.214972,5.409105,8.160555,3.472826,-0.248748,21.852419,35.835480,35.944717,22.138062,7.480929,1.008434,-12.111291,7.593610,10.019809,10.860914,10.002472,3.126087,8.316816,21.499237,31.751110,30.589191,16.562325,2.856189,13.471210,20.108755,17.299019,4.894522,-6.650332,0.979333,4.885399,0.667450,27.046017,33.620796,27.722864,-0.227828,5.736995,4.352102,4.653299,-4.874101,3.519652,-5.319417,-2.649783,6.504144,1.355071,19.248745,25.201527,19.911972,-3.874812,6.364712,15.716261,17.872004,9.276691,2.950719,9.691923,7.489205,6.073144,2.776206,27.949715,32.006863,23.446491,1.781062,1.011955,-0.919181,-12.625241,1.858525,10.330347,7.620873,3.551493,-15.814745,20.984398,30.223644,28.035675,13.049549,-2.442687,12.946877,18.578079,15.408348,-4.216994,5.090870,10.388356,6.276297,8.304724,23.258785,36.190868,35.422791,19.645205,10.584421,1.230247,1.391762,7.944765,4.794857,-7.829101,-2.403751,6.563152,10.921907,36.659504,45.342289,41.952797,20.264393,2.734584,13.609722,17.795641,10.582960,4.274041,2.629751,-5.565969,-4.372788,2.793137,53.765717,59.681454,53.561218,12.285548,0.621247,-5.022412,2.261310,2.332717,2.116114,6.906434,12.319833,3.664519,13.627487,37.260082,41.122684,32.634979,9.491492,12.917728,14.566699,9.189827,6.570446,9.177058,6.460146,3.145084,11.237556,21.824915,37.659473,38.045292,25.079891,9.901493,-5.777302,9.166203,7.981662,-2.255149,9.696912,8.676470,10.525745,-1.429896,15.128436,15.038562,13.884022,3.825729,3.171014,9.783449,13.451454,7.622537,-0.033278,-5.818072,7.619447,9.830787,3.521749,26.406914,32.018425,26.186401,7.974828,2.698822,10.481100,7.882035,-0.589211,-10.488026,2.707181,5.585878,10.633631,-1.962022,24.540520,27.277840,18.567383,-2.127055,-5.823598,2.835071,9.041863,5.208331,3.104695,2.282613,-3.836960,7.690822,1.163233,19.352478,22.197569,16.135338,1.703057,-2.191848,2.348389,3.426097,1.963872,2.101872,-7.993432,-2.438149,4.535210,14.085819,27.877905,27.023640,12.183069,-0.903622,7.210449,6.434415,5.334656,-7.647593,-6.019710,-1.088393,1.682792,7.076813,21.746712,33.675602,32.779732,16.759266,-0.943067,5.141996,-2.110086,3.162942,1.911285,0.389213,6.124447,7.462075,7.047523,32.798714,41.421738,37.859222,16.066072,-2.500171,9.777172,9.150813,-4.429656,-9.920512,3.341578,5.968239,9.893380,8.633009,39.503754,45.572250,39.786995,7.562852,4.124360,1.590022,5.462189,9.516964,8.344192,4.151993,3.415822,7.323234,18.369791,37.997738,40.784698,31.414307,11.576550,-6.457275,-0.767070,-4.417511,-3.374220,2.699321,-3.143267,3.705257,-0.371514,13.800339,29.522345,30.897049,18.940960,-2.608831,3.918202,1.698425,8.880571,7.105248,7.447728,-0.207749,-8.010601,6.755738,15.826082,19.754234,8.432384,12.124291,6.297052,8.071979,3.159368,6.644943,1.043064,-1.582156,2.710717,1.320306,-7.159585,17.075556,25.431686,23.710764,12.087141,1.013679,0.293726,-0.567881,5.743841,7.105696,7.080361,2.760176,-0.155183,7.704446,20.202391,22.666752,15.271217,-7.420975,4.373020,7.023329,3.259306,-2.269770,-1.162787,-6.881637,3.620840,0.809669,9.087107,20.176117,18.338205,10.219187,8.856699,3.157113,-10.508226,-4.697113,4.768617,6.976502,4.895408,6.407346,8.524775,7.262498,13.536868,16.268883,11.924949,6.334587,9.651271,10.434035,5.753567,4.927070,4.093252,8.158403,8.101319,-8.530429,10.728281,14.694947,17.976166,10.494631,4.876947,-1.873645,-4.297823,1.999666,2.941955,2.058028,6.786517,5.838832,1.565781,13.636974,20.765142,18.037996,5.086462,-8.046365,2.085688,5.718473,4.251775,-5.381399,3.028576,8.371715,5.818212,2.150299,42.704704
[0;32mI (7860) ANALISIS_ESPECTRO: Frame exportado | t=7.22 s | pico=50.8 Hz | 64.5 dB[0m
SPECTRUM_FRAME,8.239866,50.781250,64.453209,hann,512,26.323219,26.604578,4.409206,10.477525,6.881125,10.607600,16.196587,15.339085,17.794525,19.031866,21.480473,39.918617,61.246948,64.453209,55.263496,31.638279,24.112263,15.233712,8.007267,14.103518,7.120182,12.593031,21.070215,19.493139,39.472313,54.395782,55.031662,41.934456,26.501141,3.519794,18.629930,3.555721,6.871778,13.381166,11.289938,8.713128,19.117226,38.366741,48.979164,47.120667,30.535149,15.268732,13.167405,18.211134,14.513564,14.870247,7.630477,12.791699,3.135426,14.056690,32.149414,40.795940,37.589443,18.142124,14.649498,17.036102,16.146229,10.402531,9.776396,16.745911,15.425986,14.740490,7.768518,27.381144,31.266579,22.040518,10.046264,8.792888,17.735371,17.932028,7.850783,3.791922,8.243741,14.527956,12.072991,21.001673,35.342949,37.319695,28.953796,16.525215,20.415743,9.346133,11.888792,12.338758,12.407625,5.423202,9.348661,6.053132,27.777864,39.906605,39.378807,26.875832,10.533401,3.686615,16.991409,15.934225,12.385870,14.998663,17.995731,14.745201,12.565958,32.120708,39.946331,36.758221,14.743250,10.513353,13.156928,-3.673836,8.526516,7.025589,8.880497,8.201309,12.926973,7.455974,31.394005,38.770576,34.946095,24.100815,23.236658,12.266921,19.333344,14.797730,9.652038,9.391042,9.457114,10.199447,9.639482,45.066509,50.804985,44.726070,11.874537,14.335399,15.846969,16.009916,17.186453,17.513269,14.686723,15.533484,20.131254,27.406729,38.441128,38.640152,25.650719,8.206739,16.984179,15.155676,14.332687,12.300824,12.775493,12.801466,10.824741,7.679794,16.031700,30.940687,33.983723,25.508312,-3.000789,9.231470,13.771410,9.244925,7.685777,6.350932,2.703142,3.222909,7.887476,20.190933,26.905308,25.017628,16.442287,14.866999,9.972529,11.706322,12.088873,5.284377,0.358161,6.382656,11.577196,-0.542243,22.823656,30.629650,28.286922,18.477713,16.178358,16.923300,17.340088,11.146500,13.920541,13.571413,12.393633,12.814680,8.964214,25.374687,29.790314,22.607145,8.396016,12.016291,10.660629,10.919733,10.346741,-10.158960,12.406176,14.724422,15.436668,4.674914,28.333435,32.626488,24.833315,8.635005,16.224184,1.656076,5.789585,-1.191143,5.153769,-3.112119,7.651689,1.822935,19.350924,27.807037,25.938725,18.060986,11.233225,16.215584,20.808731,15.130035,7.601534,3.773559,15.573335,16.628096,12.307798,20.731846,34.660538,34.000839,19.121166,6.578138,4.686841,5.707549,10.216625,5.302124,9.140629,10.765293,11.996474,9.609977,32.941498,42.891891,40.242409,24.103477,19.668114,17.135199,11.340495,8.949287,8.636940,13.129338,5.928496,-0.910238,12.531775,53.271126,59.081608,52.856232,16.241100,5.278749,14.808951,19.448973,18.272284,15.549483,10.342159,14.052168,22.704945,18.176731,39.840919,43.115952,34.098480,4.469704,-1.031724,14.398458,11.368083,-2.653682,7.079416,8.804470,8.419351,15.080860,19.609026,36.961704,37.295887,22.234543,12.862182,10.369184,14.493996,7.533649,7.127516,-30.674042,0.696391,-13.735298,6.726218,25.370667,31.055353,26.296619,12.686560,6.615357,9.633148,11.340393,11.553473,4.002522,4.374656,10.366384,11.340060,11.863049,20.348282,30.090139,25.790398,8.682699,14.795944,14.815478,10.911698,-7.498756,12.583047,14.242168,10.646883,12.377324,16.425056,22.116463,26.015087,20.384415,-1.492620,13.354582,14.944888,0.901450,9.809759,9.054899,13.659286,12.967385,10.405043,16.432220,22.580206,27.285034,21.722996,4.952383,9.946513,6.047614,11.501455,-3.481740,11.937775,5.842280,9.626768,13.020145,12.486958,25.163559,25.891670,8.253213,11.587172,10.832172,12.806793,14.060737,12.991274,8.603846,8.538970,8.560092,10.684872,22.179745,32.765282,30.616508,12.602834,8.479317,7.261036,10.325840,8.056054,9.189902,13.415907,12.430812,15.391834,5.791857,32.351101,41.064629,38.039612,22.381323,15.533834,5.552794,14.486525,13.218135,2.811753,6.772977,12.802961,12.742668,12.219984,43.531109,49.442039,43.545586,13.364765,13.345242,16.668938,15.047567,9.307628,11.240067,9.204386,9.978363,17.744194,22.467228,37.025620,39.670788,30.964577,7.559826,13.729998,4.806752,7.369409,7.606216,7.061503,6.522701,8.845742,-4.389621,21.926624,34.384865,34.474037,22.181686,8.803267,6.119100,8.826272,6.804478,-6.968372,11.211333,12.466773,9.678515,10.451802,19.182837,25.316851,21.941769,11.290506,6.780684,14.055862,10.567019,6.969088,8.127092,-2.539144,9.350428,17.100842,16.798119,20.395706,26.346394,23.788614,15.279240,12.199511,14.933167,13.172018,6.023441,-8.446451,14.692194,16.268120,8.615728,9.877209,22.803917,28.192093,19.745146,15.688643,10.703793,11.918015,16.139463,11.035403,4.581414,15.832168,16.166149,14.262347,18.953072,23.618298,25.147175,20.102491,15.798918,14.333186,7.613048,-0.355579,14.283966,18.083029,13.288932,8.185603,4.064325,17.026012,26.308304,25.749474,14.428337,0.951562,3.191212,11.634549,12.266628,11.434537,-6.051279,16.159130,14.920806,9.361343,22.724602,31.323088,29.672199,17.539305,4.881449,10.415634,9.482260,7.323012,10.124508,10.327650,3.441320,9.869024,10.360936,18.435734,24.097179,19.808517,4.288530,6.890965,7.414574,15.412933,13.670696,10.366232,13.701670,12.577585,4.883996,18.396551,44.278751
[0;32mI (8900) ANALISIS_ESPECTRO: Frame exportado | t=8.24 s | pico=50.8 Hz | 64.5 dB[0m
SPECTRUM_FRAME,9.263868,50.781250,64.408020,hann,512,8.080408,19.635565,17.010662,13.253430,19.817604,17.701393,11.882374,13.738223,18.512075,13.544880,26.567982,39.664646,61.197361,64.408020,55.300964,32.392452,21.016333,14.310092,-7.325815,15.566726,10.646497,18.152082,9.791885,23.445017,39.338257,54.608212,55.373119,42.800106,24.412519,18.866674,12.383430,13.266069,13.209982,10.927908,8.928981,13.975508,13.851534,38.250431,48.824226,46.818771,28.156136,17.597523,18.361786,20.474380,21.028633,15.302935,5.729009,2.960744,-1.197934,9.644396,31.000881,38.631409,34.249638,18.667000,19.302479,11.739688,23.241043,20.601500,8.919304,5.157471,5.043421,11.756906,16.808231,29.507000,33.320095,26.066504,9.837352,3.643404,7.939388,4.914005,5.630826,16.063078,14.602644,11.571360,4.246827,17.494595,31.714539,31.725969,17.786066,14.364296,13.860300,8.834678,12.130165,13.570901,9.570598,7.035990,9.133508,2.751101,26.995174,39.858963,39.411758,24.706430,8.631515,14.711804,19.289093,16.098810,9.631580,6.952776,7.050835,11.995081,8.745028,26.996096,35.874615,33.083641,15.976221,5.319730,4.123560,12.912612,8.457521,7.649405,11.347980,1.890460,10.789587,11.718249,34.847477,42.648033,38.642277,16.478661,4.081094,13.758728,17.070854,9.473072,8.114916,8.422376,9.400510,6.099624,5.267385,45.982189,51.549309,45.162262,2.373484,11.696722,2.147000,3.357529,3.876076,2.615691,8.882887,-0.127106,2.243471,21.494694,34.937187,36.135838,25.329115,6.533180,13.908323,16.373037,14.718836,-0.578505,7.318295,9.635010,6.905134,-1.384920,14.414904,28.593208,29.756168,20.594242,6.414568,5.377199,7.947398,8.646370,11.371180,11.829905,11.247425,-3.933279,3.200810,14.457297,25.746717,23.717880,10.514632,-6.041125,11.067534,17.575033,14.877257,5.856712,9.446301,10.231899,10.635814,11.299040,24.156971,29.566921,25.228394,8.704766,7.428958,14.070106,14.374738,11.624416,10.541113,10.269934,8.384423,-2.914074,7.974563,24.062107,25.929142,19.188482,-0.139984,8.318073,18.133467,19.393557,9.857533,12.804090,16.579596,12.566874,12.325205,12.130314,28.727110,32.661549,24.940825,4.793752,-2.596349,9.952600,11.903641,12.139660,9.909829,2.843869,8.528894,0.937110,15.446519,27.503555,25.515574,10.633173,-0.118986,14.132236,15.220490,7.097883,1.915621,-0.407331,11.208517,6.169705,9.135043,23.468109,36.040230,35.083576,19.862513,0.123455,7.273881,8.889313,7.350204,5.412908,3.558486,-0.146473,11.816083,11.767397,36.597679,45.402237,42.067810,20.823404,6.291120,17.193518,14.765105,3.438580,4.440479,-4.870314,6.470236,7.119595,6.726205,52.280827,58.329071,52.383366,9.899181,10.217791,8.547935,11.094816,9.118348,-2.223494,2.393472,7.980257,7.497240,20.107859,39.705448,42.543777,32.845016,14.987689,4.643672,13.093242,13.180175,2.520733,0.493346,5.597940,12.214148,4.769103,21.793489,37.231373,37.917950,26.027746,5.546385,6.165366,12.648164,-2.213700,4.064177,-0.133142,7.361526,6.780589,8.252545,19.562027,28.309391,26.905594,14.094297,-8.284034,7.224660,10.352655,6.983528,5.480928,10.432467,4.760256,3.108726,7.234753,23.326948,30.795845,26.719044,17.628063,14.536665,12.272623,20.055391,15.236670,3.815336,5.625889,7.219464,12.503929,8.991970,24.526358,29.350754,20.194189,16.646475,14.862380,8.099846,9.596725,12.029277,16.809391,17.496164,13.019350,14.221744,13.180331,18.154724,17.345411,3.112541,-0.077971,8.740163,14.461838,13.078047,4.885835,2.439489,11.392118,12.803394,11.597737,17.760523,30.706282,30.150509,16.906593,-5.357872,9.841594,12.580629,11.719616,7.330463,2.722938,-3.941030,-0.600753,2.605043,16.414660,28.655117,28.995588,18.422108,2.675999,-1.893340,5.903715,9.704639,8.294250,7.389149,9.360467,-0.172613,7.628284,28.766441,37.867519,34.664577,12.035730,12.537811,9.045072,-15.418491,5.367289,-6.626731,2.051974,1.379140,9.679450,6.221933,44.249950,50.309799,44.358856,-1.854595,-0.933130,6.868566,-0.320708,7.662301,10.482989,8.912593,2.970609,9.050890,14.156126,31.440630,35.130802,27.178610,11.496953,3.866827,11.522423,9.329919,0.955715,0.175072,0.528695,3.709764,-5.566350,17.269928,32.168957,33.080460,20.735739,8.678280,8.930169,9.289686,9.971660,9.615723,1.034246,6.760249,7.702655,5.304279,11.593674,3.888385,15.872569,4.580431,6.147041,10.242191,3.579568,11.013758,7.226091,8.250978,4.498386,0.262900,-0.752246,17.200687,23.583679,20.588400,10.954851,9.479413,13.108292,19.330093,18.224018,11.289176,3.491174,6.686541,1.400700,3.081844,22.355919,25.721102,17.562126,-3.896497,1.653549,5.075375,9.722527,13.643402,21.528109,23.441811,15.128544,15.311112,16.017233,11.383564,13.944131,14.562981,11.124354,4.916583,2.531846,1.610416,7.832067,8.354732,9.968946,4.979686,6.715799,11.286505,26.001968,26.313751,7.065256,11.447308,4.387915,6.674529,4.547948,-2.970891,9.509402,11.610895,0.533892,10.485965,9.636921,27.210844,26.160563,7.451685,9.393784,5.395532,8.889518,-3.655984,6.919119,10.046729,6.445912,12.281476,12.338909,22.014568,31.992184,28.955896,10.282373,4.630332,7.617967,1.677138,12.749880,12.785099,7.247931,3.470253,9.951880,17.071342,43.005699
[0;32mI (9920) ANALISIS_ESPECTRO: Frame exportado | t=9.26 s | pico=50.8 Hz | 64.4 dB[0m
SPECTRUM_FRAME,10.287866,50.781250,64.586456,hann,512,26.781342,31.351849,27.808617,25.825140,25.915653,24.401146,24.301132,23.255985,22.984669,26.799725,20.009718,41.286411,61.385883,64.586456,55.684937,28.215992,27.063847,13.853546,11.488849,14.179511,18.943098,22.389381,22.190161,23.932226,39.885857,54.398201,54.910339,41.809887,26.235870,17.546158,3.280738,16.418381,11.170652,15.786913,18.805538,15.098812,24.602863,36.312786,48.011494,45.863682,23.676233,20.964508,10.197749,15.442036,16.868504,13.657971,11.524698,15.424158,17.453861,20.808699,32.138706,39.330120,35.539948,18.797552,12.077788,7.277178,4.351274,8.093213,6.582078,10.114756,7.920511,13.477330,13.380241,27.222626,31.390324,25.680902,20.788799,19.401834,18.828608,13.906168,2.047561,6.211881,12.181131,11.703133,16.281248,9.838397,30.143898,33.705780,24.073755,12.591780,4.596722,7.915614,7.183030,-1.011865,9.783281,9.985904,13.299848,-0.061450,25.674686,38.274757,37.951160,24.178932,16.456545,12.674785,3.431897,14.861064,12.075422,8.903008,7.682491,13.900379,17.301233,17.798367,30.302011,26.513714,9.873550,14.018040,7.254437,2.382673,1.203311,7.062091,8.920152,11.574025,12.946775,17.558401,33.596062,42.870251,39.788593,21.201691,-11.125612,9.484947,14.572779,9.852213,8.158721,10.455433,5.051499,5.687459,10.159636,44.625992,50.188660,43.787228,12.475107,7.914137,-2.757398,2.423146,1.310811,2.825914,-3.051864,-0.901514,6.835813,-1.494752,14.851954,24.080256,19.152224,9.684908,2.942647,17.233850,16.685183,-0.033845,6.377226,11.840867,12.291976,7.484259,22.538919,32.841740,31.705307,14.593281,10.382699,4.170971,10.591811,13.946556,12.919917,8.429614,5.063638,-0.083970,2.252398,10.099552,18.383373,21.158791,3.967208,9.423696,16.481676,19.340399,12.117511,15.186827,11.804270,12.084057,10.416512,10.787752,24.339249,31.578880,27.844715,5.614404,5.927885,8.161085,7.101446,9.048478,7.265934,-5.498011,-1.231876,-3.809729,10.900640,20.196688,22.427805,16.052420,15.785530,9.857253,15.392866,15.276694,-13.738907,-7.797489,5.188788,-6.007968,3.224089,10.729207,30.884365,34.219807,25.879883,6.005323,6.291643,1.553579,0.573082,-6.859413,-1.095399,1.615642,-0.060434,6.601707,10.724076,25.603064,24.088932,10.348712,-4.645673,10.701515,17.445843,16.164375,9.405518,8.819422,4.524477,3.331630,5.436592,28.432285,39.139042,37.877525,23.080940,-6.410084,0.546546,7.914100,-4.783251,0.670762,1.088112,12.931462,14.777465,7.981376,36.594788,45.029606,41.402168,19.445908,6.726414,15.869732,12.523717,-10.600388,6.973495,4.263723,5.820894,8.120523,11.590919,52.253616,58.024746,51.745167,6.925916,5.761786,0.347463,8.095480,10.929766,10.959724,4.845140,-1.686423,8.294554,13.627106,38.372932,42.018387,33.582893,11.149787,15.929967,3.350463,2.743261,-10.368155,-5.850359,4.914870,-4.630210,10.672768,21.279528,36.389015,36.967056,22.828510,15.619403,8.436786,4.863454,9.096045,9.154203,7.486122,4.745948,9.559563,14.402611,19.712450,18.570686,15.588366,6.424476,5.447638,11.635330,11.043303,1.445126,-1.776647,7.247738,8.668168,1.371765,5.559542,27.690247,33.035717,25.640860,14.635749,10.259877,10.000405,11.826106,8.929075,0.674177,1.912903,5.905209,8.076228,12.108770,17.188351,20.063562,11.190561,7.889604,0.543626,6.675197,10.439695,9.842738,7.564868,10.080213,6.833479,-3.718822,13.826124,22.141478,21.249355,7.398468,12.855705,9.293603,1.188937,4.094106,8.416110,5.152740,8.059031,-0.271094,9.560469,16.348402,29.595959,29.483585,11.483966,9.264534,-1.012834,2.081045,8.157667,8.033805,6.434066,8.473177,12.968208,15.650539,19.302565,21.123121,16.735825,10.882868,10.355896,3.221914,0.262053,5.441779,2.639522,11.725180,4.889965,9.487153,10.306271,6.116811,24.117201,24.913734,16.445772,9.743994,-2.562151,5.511695,9.214437,3.999231,1.118283,4.976365,7.118814,15.835184,41.405228,47.884232,42.157726,0.707327,-4.088885,7.647319,5.475730,4.033204,1.925274,2.804390,-1.193275,5.366862,12.052876,14.724104,6.076388,13.231064,12.143513,9.924465,4.421282,2.940518,5.710836,4.883417,4.832661,-4.548937,5.269975,19.005611,30.994389,31.052073,18.087517,12.434125,13.624079,10.100070,8.240341,10.750072,10.484476,7.587743,7.805724,14.645452,19.474775,19.517996,19.743444,14.259597,-11.278498,7.085950,6.617335,1.998340,6.121449,10.228334,5.434263,3.057888,9.638905,17.010414,22.942345,13.176878,15.487074,13.907944,5.710475,0.800028,4.934348,7.765069,11.142669,9.704205,2.253777,10.568640,17.872074,22.776611,16.552393,10.112986,6.092197,-5.166256,-0.756684,10.069370,8.403616,4.346098,5.507123,5.691187,11.210174,24.847727,25.866678,18.735653,10.680428,6.032743,6.000672,-2.492649,6.734043,9.963933,5.086236,-18.350464,6.501031,5.095459,19.870647,22.802734,13.796674,1.485341,0.404519,3.995562,7.108998,6.530594,11.424228,13.141393,10.594772,13.056680,13.084918,25.148560,26.259895,13.536105,8.301330,7.276503,2.150226,-0.704152,6.472418,6.112502,2.983598,4.565166,10.962163,29.021399,37.175793,32.864365,6.789767,12.592783,9.716450,1.566375,6.522064,9.157268,6.154587,7.486945,14.804221,19.404442,34.098999
[0;32mI (10940) ANALISIS_ESPECTRO: Frame exportado | t=10.29 s | pico=50.8 Hz | 64.6 dB[0m
SPECTRUM_FRAME,11.311867,50.781250,64.200630,hann,512,28.342054,26.769220,13.567289,8.020700,3.437110,9.377872,8.178464,11.335562,17.207623,14.917459,25.971317,38.496353,60.916489,64.200630,55.076141,32.133823,19.579090,15.396562,14.066881,11.532555,9.521375,13.429913,13.333893,21.336882,38.626125,53.996864,54.671120,41.643112,25.559643,14.392694,5.160449,11.696149,11.264513,15.564482,10.858769,15.620544,13.602944,36.998508,48.066994,46.295361,28.631306,12.138451,12.351692,10.453640,7.484250,2.477179,11.160598,1.164701,4.534177,12.320670,31.082787,39.454182,35.860008,16.276930,10.273729,14.287057,6.373610,6.797792,4.771529,6.906455,9.003965,-7.756156,12.595286,26.825781,29.877167,20.626026,6.471514,1.983891,9.163817,8.654552,-1.332033,8.435212,11.246273,9.869394,2.611792,17.281681,32.807251,34.470306,21.823391,14.961457,3.642723,8.171465,-0.836637,-2.741388,8.791897,10.411068,1.896668,12.179218,25.197914,36.459034,33.653107,3.005739,10.478591,12.372112,-5.194979,11.854755,13.115009,3.244408,0.629944,9.627899,9.962853,22.173216,26.925642,15.663326,13.385118,3.790523,-0.202637,-0.593795,6.209472,1.778032,2.316528,7.377591,1.362494,9.076744,31.832909,40.225563,36.804039,13.704334,9.159848,12.035202,17.432892,8.396884,0.659868,1.402133,-1.961121,6.736996,3.225200,38.475758,44.695694,38.983246,4.835850,0.094475,9.644198,9.557178,1.417589,5.401808,7.363357,0.668236,3.416691,14.327299,30.175167,34.841988,27.652607,4.395858,5.591204,19.010065,18.699099,2.008456,-14.135638,0.385524,5.932684,10.505065,22.152803,31.682243,28.938358,-0.246184,2.854914,-0.346511,0.747713,-5.234208,9.963005,9.908902,0.170841,8.715036,6.568527,20.856237,30.546520,29.123081,13.078909,5.550076,17.543905,20.933949,15.838490,5.825568,3.205010,-1.308704,-3.269805,8.159900,20.322515,21.900702,16.634315,12.317271,3.144307,7.076800,5.488280,2.060005,1.760110,-1.949177,-3.268421,-2.094732,-2.711483,22.658693,26.537409,18.996832,2.571589,0.822441,16.672695,16.343815,4.740350,1.987265,3.048404,-1.517073,-5.265319,10.884407,26.067406,31.942598,25.550419,-0.795610,1.660937,4.879365,2.689156,8.852232,6.495015,1.421096,-10.095409,-7.053235,17.928102,24.016666,18.381073,-10.111423,8.516926,14.312278,19.268890,13.409685,6.874052,11.671289,8.195520,9.717690,-8.212895,25.437136,37.682652,36.861336,21.487633,4.520541,2.404734,2.538062,3.853626,-0.043071,10.036285,9.434591,6.578516,14.788914,34.033173,43.889893,40.876091,17.425806,11.912599,15.176105,15.709476,-1.224339,4.532450,9.454999,0.467187,4.307570,0.686244,53.946629,59.903168,53.824364,5.234339,-1.291643,10.590367,7.405640,-4.382866,5.121072,9.127898,6.129079,5.989400,19.940451,39.445324,41.998093,31.953777,16.446821,4.058361,15.558261,14.067741,-0.902008,-8.459265,0.486373,3.396696,9.484281,22.647552,37.997818,38.864746,26.314857,12.574854,2.219563,0.500379,0.433043,7.466155,4.413527,-5.312004,-4.913950,0.087672,23.400887,30.722830,26.883442,9.303879,3.973506,10.778015,13.477551,8.278237,2.524340,0.174440,3.348057,4.516370,12.269215,19.997391,30.772478,27.518925,10.321354,5.871610,3.748130,5.824512,-2.908255,-11.247065,6.287721,9.678048,3.952471,8.557930,12.685560,19.570271,19.037949,11.702354,2.950198,9.901086,9.275756,-8.428498,4.012199,5.025249,8.857038,4.785576,7.124518,23.554741,26.764765,18.167841,6.821288,6.507637,-6.891178,2.659155,-1.393006,-3.266374,-9.740528,-0.167390,5.720571,19.865196,31.008139,31.362663,20.093367,5.523991,7.207784,-1.591234,5.488956,6.218703,3.365400,7.717761,9.363013,8.194195,17.025852,28.967382,28.506496,14.437686,9.906207,7.767445,0.871482,-2.457928,3.127035,5.477602,-4.295914,9.204951,6.927631,25.754635,32.853653,28.588467,7.497110,6.948792,13.238836,11.435958,4.391147,5.475519,0.744677,5.595007,2.283101,3.866609,34.224171,39.919739,33.839024,-0.996513,1.405167,4.723004,-3.630028,4.129085,1.653397,8.348781,3.811345,4.379462,15.922729,32.375168,34.657150,24.915398,1.111297,8.201284,8.721702,3.520508,-17.744118,3.593193,3.366724,0.767807,-2.139679,7.759642,19.087240,19.333725,4.901767,4.421243,4.934893,-1.387632,6.881397,4.543324,4.494937,6.412677,6.698583,6.507237,15.844975,22.563812,19.749779,7.535539,-1.234457,-2.794561,2.311580,3.259293,-2.364330,1.686157,-5.359616,2.984535,4.366478,21.480791,27.880737,23.509943,7.224397,0.370778,-6.216126,-14.563012,7.072554,9.128515,-22.748569,3.225360,3.797101,6.366952,12.539439,19.820345,15.674420,4.674325,6.816920,1.024942,2.751585,-4.314742,4.476437,6.093188,7.308372,2.212384,12.480544,22.802217,22.229481,9.060034,-1.794996,-3.055101,3.133644,5.158430,7.436431,5.589653,-0.214544,0.024866,4.361710,7.584596,20.051449,21.561937,13.035868,-1.576642,-6.295319,-5.536686,-3.469746,-5.204690,-3.534745,0.758321,-0.814581,3.013816,10.160666,19.905569,20.289976,5.902577,7.987958,6.188190,8.060671,7.837509,5.440734,3.751054,-22.178276,4.880333,3.296768,29.540804,37.321457,33.884190,15.295336,1.505833,5.890589,10.470768,8.018167,5.665236,6.912677,4.591343,9.040738,17.394730,29.896149
[0;32mI (11960) ANALISIS_ESPECTRO: Frame exportado | t=11.31 s | pico=50.8 Hz | 64.2 dB[0m
SPECTRUM_FRAME,12.335874,50.781250,63.793110,hann,512,29.320965,29.377077,9.216748,10.394175,2.764915,-14.374528,16.111553,18.919060,11.994678,18.781219,23.547506,38.948914,60.557270,63.793110,54.680275,31.600037,19.185905,16.779022,7.474450,6.384472,11.658826,10.011386,15.928254,20.346842,37.741852,52.862854,53.514591,40.749237,23.352545,6.102829,13.595089,6.368375,-7.120905,8.989988,6.789846,7.489068,18.639790,36.649597,48.047958,46.389957,28.751699,16.645084,9.014223,-1.233807,9.872248,2.748682,9.834355,-1.605495,0.959972,2.101185,32.337982,39.655899,34.914597,-1.532015,11.936136,4.015710,11.546718,13.837349,8.116906,3.145134,10.646467,13.501738,11.239132,29.982819,35.183002,28.597748,3.437059,7.333723,10.369378,6.058512,2.114237,5.588372,7.482960,9.098326,6.041093,4.978679,34.877552,38.817638,30.445889,8.801151,6.872650,10.016612,8.319650,4.501174,11.600419,13.643817,13.079884,14.728811,26.707146,39.731522,39.402706,24.769646,15.418954,2.008469,12.479199,-9.982857,6.164551,2.249548,5.136476,8.351711,8.182151,25.059254,38.729347,38.070793,22.485468,-1.799422,13.050842,10.575934,3.429773,-0.427723,9.042170,1.588193,2.339900,18.652084,39.388229,48.512440,45.363007,25.189316,4.474401,12.048380,18.656713,15.103307,-1.801671,10.209702,10.413326,-4.765804,0.906826,51.682175,57.676842,51.666901,4.473285,-19.031364,0.811509,4.356800,7.144570,4.824527,3.096857,7.597085,-1.676663,21.462887,42.788624,46.119991,37.324783,8.428189,13.625162,18.062256,17.322536,1.664653,2.660122,1.245952,4.661755,12.682318,26.181810,42.017609,42.710072,29.628731,13.211090,5.674593,-4.102418,3.090736,-5.625676,-0.966856,0.410844,3.482247,3.416129,26.562481,35.248722,32.296272,14.315814,1.349371,13.505416,20.630680,14.400843,3.355755,-7.505448,-9.396265,6.303993,10.174763,29.434845,37.237793,32.918800,7.515226,6.911757,4.726420,7.888992,7.174983,7.037503,5.286112,5.648056,5.404217,2.472385,13.016261,18.136599,13.700422,-0.935736,15.428592,20.352612,17.725349,0.871071,0.048189,7.054144,10.135850,9.860338,9.695560,27.956316,29.393356,17.711504,6.644392,5.264789,8.038671,3.926109,3.644257,3.418722,-0.323861,5.536595,0.390694,22.185501,33.396763,32.658722,20.239773,8.139912,11.706849,15.944966,9.344013,7.727334,10.875517,11.846214,12.694113,5.495434,21.933804,31.619827,29.883987,16.222994,-6.314353,4.918472,2.071703,0.371777,-2.060813,2.119328,2.312393,7.243127,6.354580,20.161358,30.750816,28.862581,12.418619,8.517673,17.421728,16.067799,-2.942790,1.366365,6.804227,13.087275,14.748115,6.077132,30.138680,34.940483,28.540594,0.543148,6.074508,9.037155,9.713565,4.387192,-3.452743,-2.362998,8.511726,9.057164,14.292130,33.458046,35.534546,24.524433,14.525936,10.163113,3.370693,8.928017,-0.031891,5.753354,7.098883,8.993018,10.960359,14.835321,22.380760,20.828739,8.311165,6.627430,7.231551,10.240179,4.714132,7.227216,7.740651,4.832292,10.128780,13.189770,17.813313,29.571442,26.278072,4.679582,6.187277,8.153074,9.556662,-9.829697,6.517368,5.867968,4.289184,2.561684,-1.377049,24.461506,29.985245,23.193426,6.250896,8.848212,8.704962,-4.501512,7.188363,-0.414045,9.435120,12.258026,10.161862,13.434452,25.419563,28.066690,19.529520,7.337278,8.748318,0.145147,10.690140,6.722615,3.033590,-7.563950,8.254577,3.245882,12.603548,28.181293,30.037439,20.377441,5.904337,4.118179,4.971547,7.115288,7.391171,9.489466,6.348865,-1.052850,5.834472,6.208975,10.590645,17.824984,9.930837,7.288232,10.003078,8.289634,5.329179,5.980119,4.094336,-0.187582,-12.868532,4.201080,15.402048,19.124578,14.507585,12.364658,2.411374,0.284672,-14.024212,-6.976207,2.586141,6.355173,7.363066,6.457000,4.380910,21.759552,28.190166,23.164118,-2.325764,7.258444,1.779214,4.886051,5.162035,-4.455833,2.082946,5.035281,6.763014,7.794362,34.502048,40.659607,34.893433,6.896989,4.430461,10.755095,7.012814,0.883669,5.365730,1.831780,4.821887,4.801990,8.096806,24.125681,26.059353,14.240780,2.679437,6.897961,8.943214,12.134699,7.981400,3.431975,0.568318,6.852908,6.023767,12.990997,28.058550,28.453133,13.691226,8.219517,2.660869,3.477163,5.296168,7.446934,4.279630,-4.261857,4.526346,1.686630,18.572611,26.038223,22.858128,12.072744,5.514594,10.195123,14.952761,13.527998,-1.318563,4.617170,3.651325,4.438117,4.533136,13.162308,21.271877,19.921413,9.425035,0.246888,7.736961,10.806918,5.972645,4.090374,2.609887,1.394862,0.434349,2.020450,20.329599,23.260557,12.865053,0.768199,7.723300,4.285545,-10.135230,0.003976,-4.488369,2.908474,3.496823,-7.219466,-4.053340,12.809553,20.004007,15.928554,-2.272485,6.832001,7.219901,-13.204655,6.774526,10.975356,8.339773,-7.942917,3.099156,18.325737,27.490042,26.497513,13.398249,-0.472546,6.323645,-1.316986,-12.651487,3.460310,8.438685,5.179913,0.538110,-1.656128,7.350065,8.044791,8.572617,7.189647,3.356465,5.352137,-5.961419,0.816006,8.554669,5.453396,3.394163,4.234221,2.040250,18.048813,26.361656,22.889662,8.006561,3.129199,1.734205,9.004903,7.752157,5.094829,6.460660,3.431954,-4.614473,10.767950,6.794792
[0;32mI (12980) ANALISIS_ESPECTRO: Frame exportado | t=12.34 s | pico=50.8 Hz | 63.8 dB[0m
SPECTRUM_FRAME,13.359865,50.781250,64.037994,hann,512,-2.231230,13.617511,18.069065,11.356212,2.412913,0.696555,13.340433,9.308015,15.020540,17.632448,25.783937,38.647308,60.778370,64.037994,54.949333,32.075615,17.341732,19.425768,4.415465,8.032865,9.826801,0.478342,14.993583,22.036003,37.121387,52.582378,53.270012,40.253975,25.818291,13.150970,17.177261,14.382850,1.476219,-5.423378,6.367736,5.876780,20.390779,37.298431,49.025734,47.574516,30.915165,14.730168,8.702877,2.472756,-1.947563,5.462608,5.148394,-5.608467,-0.552933,-5.420352,34.048607,41.468002,36.825596,9.737879,-1.210483,-0.243917,-4.207177,4.662909,-1.087173,6.130922,5.472198,-2.061502,8.218372,32.236778,37.260860,30.166428,-6.065879,4.566426,9.307420,10.557466,6.755145,1.053111,-2.386954,-0.272567,-24.998421,6.186676,33.386875,37.576958,29.444696,7.752225,4.748411,3.796887,-0.590593,4.281391,10.932207,14.279518,15.014643,3.412560,26.971514,41.014191,41.167305,27.686510,13.575124,6.298463,22.246498,20.392401,7.787558,-3.687198,10.010941,12.404208,12.252905,28.447351,40.788078,39.862991,23.722794,9.477615,4.149343,-0.021421,-0.080237,-4.123458,-10.363826,6.587419,9.730910,10.987270,38.418163,47.677387,44.572655,21.780184,9.417868,10.623593,18.631830,9.888953,-0.821730,-4.549295,-1.080754,-15.194408,7.184951,51.536148,57.489452,51.450508,6.950898,10.627898,10.332046,8.651001,7.792743,5.201593,11.653936,8.085741,11.273793,24.464130,44.559322,47.609215,38.530373,12.098415,8.452194,19.308384,15.012359,0.111589,4.102004,10.158643,8.336952,11.778664,26.677105,41.530197,42.073296,29.735088,13.863447,14.468430,13.436501,3.337962,-0.434161,5.579204,7.845793,8.459548,12.493084,26.845325,36.566750,33.714588,13.914001,3.574604,15.681373,20.441473,16.203388,3.941389,4.555230,1.618492,-4.853220,8.475850,28.595592,36.765194,32.557587,0.081654,8.060432,4.896384,1.794209,3.242532,11.488156,13.336038,8.916044,0.828840,8.466121,19.703825,19.589443,2.596626,-4.858945,13.978521,19.858498,18.256355,8.817320,-1.263029,5.309502,1.005380,5.750573,10.802515,27.394827,28.471430,16.845621,2.094488,-2.341461,0.759801,1.597416,1.136094,4.086905,2.152575,-10.440082,7.860826,19.362675,30.967901,28.647732,13.744621,5.027361,12.602503,17.687037,11.942573,6.366138,0.401465,-2.040381,2.475592,5.270050,23.032593,33.260883,30.824118,4.199499,12.122642,4.644865,5.329566,4.938345,-3.278283,-12.479939,3.151993,-1.934694,-4.294181,31.897955,38.825611,34.073505,10.105648,9.763512,15.089104,10.739614,-3.522770,2.653644,9.650900,11.503708,12.214536,12.506948,19.263374,24.389618,18.740505,10.925987,10.831965,6.085393,7.210190,3.693135,8.708652,6.191171,2.697456,-0.670443,16.101320,30.756056,32.635654,22.183640,1.571631,0.494830,9.970260,3.418045,-1.196370,3.789181,10.100289,5.925985,-2.953716,4.443349,17.192616,16.159599,5.134897,5.857872,2.567897,9.112438,8.900826,6.344564,8.881857,10.096226,7.376494,3.410138,10.760557,24.539276,24.123196,4.432870,7.703625,0.373278,9.751985,3.658535,0.338164,-1.255658,-27.051262,3.854853,4.570892,10.939276,4.216107,12.992235,12.253576,9.647775,6.914373,2.963591,8.599859,8.248376,-3.768579,4.809775,-0.839454,7.338956,18.675541,20.987354,14.127979,9.827030,-0.047231,0.486401,6.452108,7.018135,0.172646,1.122200,5.466632,0.163988,7.541066,25.331955,28.572062,19.773954,7.898581,6.081526,-0.784731,3.946247,6.664555,6.011621,7.570996,2.717031,-8.628942,16.665968,25.781715,23.489973,7.052210,-13.023319,6.613380,-6.411871,6.970699,0.919828,6.018458,8.361657,6.079484,6.400623,16.131447,26.519238,24.432123,5.991814,6.303882,1.859111,2.657039,1.181847,-6.389382,4.271756,8.683568,1.993215,0.598711,13.006479,22.775261,21.117945,8.019227,6.727519,2.919358,-9.723897,-0.409690,-1.460506,0.959657,-12.899980,6.893970,3.073907,29.220654,36.043961,30.952503,3.572468,3.596416,7.549462,-2.215642,-6.466217,3.991869,5.884706,-1.329641,1.779627,5.144770,13.496890,8.845661,16.337101,6.602329,-2.953812,-17.037319,-4.693791,0.381521,1.802113,-0.436621,-6.775432,1.624588,16.897377,27.281643,25.451653,3.385157,8.947432,2.393122,1.803799,-8.064396,-0.298868,-3.185080,0.703786,5.401344,3.169441,3.624800,11.615954,18.346336,13.322593,9.376149,9.967429,8.417426,-7.430373,6.804576,7.904099,3.361256,3.790541,-0.032571,18.250740,24.145899,18.509182,1.196301,-1.389181,5.190310,8.519279,4.067510,-2.429800,-2.407501,6.529092,8.507708,11.253408,19.527431,21.860952,10.855899,5.471414,8.355309,0.236341,7.798913,6.505719,-1.815032,4.147307,10.089189,6.397398,5.951498,19.724602,19.240570,10.449072,-6.388175,-15.203857,6.005450,10.034061,2.535261,0.785317,5.848399,5.234281,7.413139,-2.995158,16.867777,21.708984,11.713564,5.575094,-16.599773,0.219002,3.462582,2.638501,-4.269709,4.033745,3.327468,6.232993,6.755114,15.978125,16.318171,9.489693,5.738868,3.541760,4.461253,-4.715559,-6.036546,-1.587562,7.188210,8.141119,13.973034,21.645252,24.302593,17.452230,4.002818,2.558240,6.838250,1.577889,4.180833,7.994642,4.219784,-4.149492,2.211218,12.086444,18.233315
[0;32mI (14010) ANALISIS_ESPECTRO: Frame exportado | t=13.36 s | pico=50.8 Hz | 64.0 dB[0m
SPECTRUM_FRAME,14.383866,50.781250,64.071754,hann,512,27.073513,26.943134,4.965486,12.896972,1.319811,5.335047,-3.194487,13.005052,17.092159,16.601305,24.963228,38.599556,60.730927,64.071754,55.125332,31.225254,20.869392,10.922948,7.541633,6.074467,5.472172,11.424170,10.797464,19.604918,37.708488,52.779747,53.561382,41.056042,22.772253,16.357410,8.255883,14.132626,0.633342,-1.556136,-0.565115,9.127830,16.805731,38.389908,48.852684,46.850616,28.705111,17.546499,2.879598,9.376710,8.377750,-1.521044,5.784436,7.829146,5.026165,5.103868,34.148506,42.029434,37.877995,10.606339,9.791106,8.063769,11.709679,7.035063,10.146932,7.322821,3.711151,4.407341,7.087874,32.606068,37.593281,30.037348,11.081992,7.994893,7.384380,10.476124,1.871424,7.249585,2.062738,-11.270210,-2.458412,15.729948,26.420231,30.492880,25.205608,6.792860,9.757717,1.265918,10.037821,14.347739,12.690872,10.953093,10.780669,12.080534,24.863003,38.499050,38.377171,25.028286,11.158888,12.746018,8.452674,17.388664,20.159704,12.723781,14.642180,12.880286,4.710740,31.896610,42.317513,40.652328,24.071796,6.315068,9.447790,9.273096,12.404565,7.068815,7.027647,13.086772,-17.511381,14.597764,40.685230,49.229980,45.644852,22.905781,9.467263,14.302616,16.879446,9.956244,2.562747,5.246315,5.184846,5.770110,-2.495618,51.949215,57.913517,51.852528,5.790339,7.311812,0.685980,6.213951,7.574654,3.501901,8.654910,0.216506,12.841357,22.685509,43.201111,46.134956,36.573418,16.516050,7.354832,21.212048,18.800095,-3.215556,0.930457,6.958111,10.384789,10.291485,23.543671,40.448460,41.661087,29.319685,10.094291,8.118923,-3.800966,11.443428,12.292119,2.170524,9.119105,0.074945,1.893869,16.590761,23.808170,21.527958,9.169041,5.674478,14.120269,11.779634,9.962917,12.514166,8.856752,6.330262,5.772080,3.043062,28.011877,36.557610,33.312096,16.779863,7.918553,10.294188,10.614276,8.996307,6.073918,1.668242,4.717920,-4.881623,8.421262,22.507957,28.957930,24.563293,10.943373,17.090910,20.708622,17.273106,6.091446,-6.416571,2.395422,8.220736,1.341737,10.866896,30.229691,33.255798,24.292702,-2.022596,4.418031,3.487770,-3.748780,7.479270,10.582662,3.976087,-4.328907,6.923579,22.353451,34.276669,33.511120,20.126007,-0.441671,3.770576,15.936985,12.744024,3.489927,7.632127,6.834351,3.973723,3.334871,18.138969,26.699869,25.400476,14.274279,9.436203,12.929522,12.910138,8.828981,7.215533,-0.451679,2.900505,-5.934764,10.812284,25.078541,33.611435,30.083771,10.474814,-7.088153,15.921858,19.192598,9.701241,6.401487,-9.747628,-1.440537,4.113408,1.962238,25.302229,30.143030,23.848465,-1.148917,4.552193,5.591295,9.969188,7.815276,5.958812,8.622513,5.661398,3.344224,3.262032,22.753967,26.511086,18.390133,7.540323,4.661906,10.958330,5.276064,-0.150207,3.319290,3.699673,-4.371504,1.872984,17.400410,25.818516,23.116928,6.718455,8.012197,6.026144,3.114208,-7.082911,-0.577622,3.158528,5.991541,5.568430,-2.636534,21.871735,30.097576,28.216286,17.533339,7.988955,1.306743,6.464705,-0.400461,4.168881,1.746715,-1.951611,-0.728131,9.880612,21.115122,25.520321,20.412159,5.619006,-0.188411,-0.575680,4.899479,0.006379,-3.838436,-7.728765,3.186365,-1.349806,9.409452,23.000193,26.891247,20.197756,4.990183,-6.586886,7.335249,4.536840,4.302743,9.597765,10.306507,9.598148,8.474208,-2.556890,9.867288,16.616079,7.117169,1.574420,2.116494,6.771358,0.343871,9.101187,10.917677,10.349705,6.746235,6.222301,14.702585,23.788157,26.220930,17.699837,-9.023093,8.897717,7.241337,12.611527,11.930852,0.594691,10.887028,5.164267,-3.027859,18.451681,28.908175,28.161257,14.569284,0.719651,4.744650,4.009544,0.267334,3.488108,4.281907,7.125347,8.562620,0.044325,15.327206,24.515074,22.187559,6.612527,-4.122266,-2.227736,-4.965866,-6.472330,-12.780438,2.653015,-1.136744,1.500533,-4.989414,32.448997,38.403088,32.310852,-6.433234,-2.250847,10.855952,11.250218,6.243790,-4.111140,-10.044973,-2.236221,6.966676,0.040891,19.993685,22.913097,16.394638,1.753237,3.334584,5.943604,10.951729,1.569909,6.691368,5.361588,5.651722,7.270146,14.357523,24.592125,25.202225,12.593674,4.072365,8.808414,11.274381,12.984281,9.615654,3.732439,5.970455,7.247927,5.993217,8.633799,22.285648,21.828247,11.732407,5.347120,6.748302,9.267819,11.193963,9.694001,5.036277,-1.593289,5.267705,6.181670,17.683598,21.644527,15.702505,5.424603,8.012754,-2.034034,6.407799,7.811872,1.449609,5.609548,2.402973,6.811583,2.448374,16.061302,18.951532,16.127718,8.978428,6.943803,6.122029,-11.507267,-0.926881,-3.869661,-0.682123,7.275490,9.252563,2.548050,23.039932,26.105194,18.982744,-20.970671,3.232749,-2.420400,1.244334,6.261742,3.979114,7.817869,10.496990,-7.864554,14.346839,21.911814,21.613388,14.876132,6.176137,8.358199,4.961119,7.968860,7.692501,5.972246,1.443035,-1.697484,6.158432,-2.949350,13.582419,10.278621,6.191695,10.063728,11.078148,10.601414,0.467835,2.738205,5.817451,11.398952,12.840336,12.363955,18.266335,21.398355,16.159430,-6.254581,5.378527,6.200765,2.538080,4.303763,5.986521,5.320445,4.406043,0.669998,1.488589,16.449278
[0;32mI (15030) ANALISIS_ESPECTRO: Frame exportado | t=14.38 s | pico=50.8 Hz | 64.1 dB[0m
SPECTRUM_FRAME,15.407868,50.781250,63.596222,hann,512,25.123119,26.026993,9.034463,6.218808,10.015034,12.902966,14.816814,5.110042,18.326984,10.373911,23.806479,38.312527,60.259247,63.596222,54.620392,30.992126,19.825352,18.435749,8.638672,14.633791,6.865894,16.370352,8.133651,20.890667,37.434509,52.832153,53.595184,40.922985,21.738264,16.098629,10.279747,6.870075,8.114416,6.579802,13.286716,6.243708,17.981789,36.189598,47.257153,45.501499,28.004528,17.421886,13.552561,13.583121,5.594310,6.895274,14.245207,14.187707,2.804506,8.137363,26.805285,33.661064,29.373249,5.190536,7.197832,9.852494,8.741104,2.353420,-2.527740,8.420973,5.063255,-1.228566,3.174996,28.621437,33.876247,25.839848,10.492304,9.573966,15.287208,15.004326,7.975514,-1.991160,2.987645,7.801570,-2.324086,19.456137,36.609268,38.995750,29.009283,10.725517,3.072788,4.793262,7.513196,7.302238,8.687536,7.074684,2.669044,6.326311,24.423119,37.512859,37.133263,22.114218,6.493663,11.217937,23.175171,24.381031,19.141619,10.037812,10.514666,8.364656,6.387386,22.156761,34.900734,34.441723,18.874525,8.434628,4.799169,6.765027,4.214887,-0.712009,3.705000,8.741282,12.412422,18.658964,41.465378,50.359596,46.892555,23.843330,9.045994,15.825825,14.789888,11.100784,-5.040280,0.068506,2.281917,-14.856482,12.172966,52.565823,58.654648,52.676407,5.949476,5.575559,0.737255,-2.165054,5.804492,6.129950,0.486221,4.731476,7.490970,16.755112,41.574936,45.247711,36.527203,11.546153,12.502431,18.396240,16.939665,5.463949,3.219663,-5.890622,6.686745,12.165968,27.686148,41.933350,42.090851,27.975950,14.936405,13.784738,13.207062,11.026001,12.217709,12.092789,10.769646,10.343306,7.061696,15.962411,26.468071,23.808727,-2.263841,5.281045,14.716017,19.205547,14.827221,1.913412,7.420229,6.300439,6.092342,0.731975,29.205311,36.115841,31.299728,3.606549,6.042986,5.181985,8.772139,3.890434,-2.760049,-0.065700,5.117797,2.743267,4.589347,17.080881,19.263914,12.034822,-11.424623,8.043882,17.173222,16.394648,8.392596,5.904345,4.169511,8.202561,6.527228,12.105433,29.032782,31.431953,21.670073,3.744431,11.831797,11.980325,6.797447,4.424514,6.387425,0.993791,-17.804737,2.520295,4.943304,16.987793,22.708534,15.330447,-3.164871,10.646528,15.483082,7.073593,-0.404816,-0.708404,2.853881,2.922674,10.773565,19.333487,30.883228,30.039747,17.095680,3.432180,7.873203,8.850848,4.958318,-1.834687,5.327165,0.035262,3.180986,11.317755,28.941679,37.349190,33.608814,13.143265,2.742206,13.476940,13.116193,3.565563,-1.130230,5.208174,7.903533,-4.804483,-10.192151,41.057686,47.058792,41.070324,-10.423402,3.128793,3.296371,2.093055,3.007549,2.157273,0.127187,-11.580204,2.922263,4.255386,30.086189,33.665585,24.681225,-0.842428,8.729269,12.816265,8.030823,1.909596,3.072465,2.449659,2.745548,11.774083,13.420774,23.406450,22.866343,11.414854,10.865298,9.970564,2.448957,1.838692,3.108482,4.519642,8.308027,12.411748,11.281308,16.806671,19.305767,14.536481,5.117445,-4.941053,6.553870,6.703615,-2.003949,3.208447,0.184513,4.387203,3.229570,-7.629087,23.716133,28.395994,19.641809,2.742133,2.102982,8.727262,6.120139,3.635211,3.366413,-1.426769,-4.416193,-3.626950,-7.412266,14.378784,21.568289,16.349838,-4.963531,6.130049,14.999084,14.278909,8.778602,4.915767,1.959193,11.534654,12.508127,10.045968,-20.132008,18.201515,15.964657,5.549801,3.166601,-1.723263,-7.329501,-8.783113,3.694685,0.126905,2.828887,3.753123,9.536365,17.476654,19.282055,12.055082,2.326909,1.308444,1.687461,-21.782677,5.910773,8.632106,4.642041,6.390853,6.151518,17.597584,25.924919,23.611431,7.638590,0.396486,5.304232,8.644966,5.637280,2.878449,7.224857,5.962878,9.292608,12.386998,27.444098,35.882423,32.481495,11.888205,4.341341,5.340810,-2.566103,4.365688,9.262811,10.207534,11.484243,6.374686,4.956058,39.280853,45.421516,39.639977,2.540640,2.991549,4.586979,6.253284,1.513682,-5.120387,2.229156,2.440715,3.594520,9.697864,31.318390,34.573433,26.240757,-6.909717,-9.886619,-5.290600,-5.515557,1.004912,8.279153,7.026697,0.087353,-2.648987,11.157063,23.533590,22.582695,8.300449,6.470251,-6.386482,1.558557,2.799822,1.086326,0.565951,2.166790,3.352910,6.561303,11.951326,19.638649,18.081816,8.786125,-0.359101,-5.573752,5.185673,6.536868,1.811542,-5.855185,1.415311,1.798427,-0.228470,20.716270,25.677881,18.759655,5.298981,3.347586,2.464226,4.021713,-1.783818,5.974677,10.280264,2.899488,3.601651,0.790711,17.619780,21.719847,11.145239,4.553322,-0.049206,1.152158,-1.206163,-2.002288,6.712463,7.430219,5.843001,5.553816,7.823943,12.415333,19.764149,15.912223,4.423626,1.589603,2.870246,9.031954,6.268017,-0.515238,-5.764961,5.746539,6.745580,7.234279,19.377937,18.632229,7.073426,12.696905,10.217516,12.252246,11.565697,9.494033,-1.521777,5.192418,5.554653,0.127621,15.070312,26.566523,25.763311,15.057334,6.915224,0.150893,0.549907,7.740474,5.644828,-3.160843,2.534571,1.082945,1.985546,24.268839,32.567169,28.887367,8.194714,-0.887030,-5.294168,7.446179,3.859049,-4.650828,7.373466,8.388285,-0.363634,7.705905,38.650803
[0;32mI (16060) ANALISIS_ESPECTRO: Frame exportado | t=15.41 s | pico=50.8 Hz | 63.6 dB[0m
SPECTRUM_FRAME,16.431868,50.781250,63.823090,hann,512,18.600666,13.277897,19.015656,1.744689,12.394175,14.529477,14.535645,7.719392,13.216722,14.509859,25.006077,38.762459,60.510715,63.823090,54.913818,30.802782,18.826794,15.129829,6.755891,12.326312,-1.561892,8.765859,13.003223,20.630817,37.624718,52.636009,53.309177,40.492207,23.067497,9.913719,14.103287,6.648104,-14.369855,7.880285,1.367379,-0.044504,20.808823,36.540089,48.390663,47.040234,30.824337,16.101492,6.000110,12.415095,10.029423,9.698235,-3.667890,7.737910,7.813316,6.341412,31.781977,39.966270,35.885349,13.157867,-5.045697,5.820069,8.359294,2.155954,10.195736,11.263175,7.787385,-3.820641,1.289171,31.377504,37.117508,30.152864,12.035793,2.429542,6.053638,7.469072,4.612809,8.419559,9.750052,4.669461,-5.385529,7.985173,33.450363,37.782978,30.282810,-22.467287,6.492785,-7.975975,10.793917,6.879789,4.246454,3.366925,10.895760,18.111300,25.261219,40.094334,40.131317,25.530794,12.499153,12.852216,16.834719,17.456234,15.501482,15.467505,6.877170,9.873984,9.295478,28.650311,39.442265,38.205395,22.819763,2.236076,10.781441,4.669802,-8.516375,10.744308,12.184573,11.458024,7.639916,16.853773,38.125832,47.319141,44.282303,23.999140,13.741295,15.063840,15.511012,4.026854,5.089314,9.113222,10.955467,9.224452,22.695047,51.241730,57.350281,51.860985,26.526377,9.824590,4.908772,5.768504,2.218251,-1.457546,10.172271,5.588852,12.460062,20.987549,43.320461,46.665653,37.940174,13.477131,11.970073,18.385786,16.837681,5.157582,-7.312548,0.770603,13.040223,3.180182,27.318958,42.107185,42.872353,30.793186,11.672601,15.142946,11.317150,5.609384,4.989299,6.746527,2.634417,1.926221,-1.001913,27.219105,36.338039,33.582909,13.097157,12.255421,19.518282,21.513023,16.122587,6.168825,13.389547,9.684423,8.429621,8.201571,29.115662,37.476158,33.511551,7.195461,4.910756,5.997088,11.071010,8.104638,3.249960,11.754642,11.994934,7.439198,5.148566,13.554563,15.856643,-2.172988,11.010037,17.550455,19.812777,18.916512,10.492297,5.468528,7.471809,8.491860,8.193270,10.634456,26.234816,28.273495,18.246262,8.144637,0.218733,4.484069,5.999458,7.948302,-4.971266,-0.708100,-1.029093,9.952011,20.411356,34.114502,33.598755,19.757282,6.382441,12.288782,16.214050,14.389704,5.467342,-7.172758,3.557458,5.168457,10.899968,20.133190,32.212032,30.046806,10.429008,6.168191,-4.985845,-1.598610,0.573294,1.504121,-3.636406,6.907349,7.743433,-2.740668,28.411694,36.096451,32.686607,18.697699,0.077808,14.289061,16.042864,8.235088,9.690139,10.198065,8.182231,2.232659,10.224954,20.339638,26.183647,23.783947,15.734340,7.967856,3.206868,8.134626,2.828308,11.181221,15.016748,10.734049,12.320635,14.843027,33.322643,35.499950,26.030075,8.107518,14.200449,9.368361,10.856730,7.248819,7.198684,2.701958,4.854126,9.637576,2.262884,19.039192,17.465851,5.651612,8.754582,5.345551,7.285199,13.241346,8.904482,8.939756,10.030300,11.702887,6.847455,21.710373,30.227404,28.139174,13.946267,-2.104298,9.252640,13.328640,3.592250,0.193578,-2.418028,1.507592,5.985103,3.784082,16.949669,24.316315,18.774857,2.373840,4.583382,8.810683,5.537862,-8.866048,-13.204069,-12.082568,-2.921597,7.316199,-0.727895,21.512671,25.597403,18.329155,-6.344475,4.100059,8.913500,6.941883,-0.620945,7.105598,6.339889,7.749506,10.031801,0.128589,26.911314,29.862373,21.304548,6.158295,8.595198,9.704893,8.616419,4.783118,-4.079887,0.967396,-3.239105,-0.283030,-0.471808,7.637725,17.337547,11.240707,5.754088,7.031400,7.905028,0.879676,1.955961,10.089119,11.734444,11.106165,4.330892,13.187572,17.023155,7.835250,-2.495755,6.346601,4.184787,9.448766,9.542248,8.814930,9.483016,4.054070,4.591465,12.244968,25.099586,29.087084,22.643681,11.142179,5.193334,7.391264,5.736753,6.439425,6.226257,6.339177,4.369062,13.544542,7.945630,22.706665,27.631641,26.305721,21.260868,13.635988,5.791951,0.131534,0.249969,2.468783,4.003796,3.467929,7.204093,10.328663,19.896013,19.097868,12.978930,7.997231,6.457040,8.775648,4.501455,-1.414624,6.737401,8.583905,4.612106,-1.672369,10.213552,24.379320,24.147148,12.534136,5.105821,10.241281,7.501363,1.009242,-4.337451,7.115824,7.513047,9.839199,4.549355,16.676054,25.943069,23.615562,7.589955,7.718437,10.836132,5.126118,5.271360,3.200715,3.146808,-7.916870,2.818710,6.965122,17.572231,20.477800,16.216438,10.452223,10.673433,10.782342,9.310949,2.273105,1.497589,2.752979,1.012852,-2.585173,-2.503247,13.290481,11.602514,5.242188,-4.549559,10.617014,10.067843,6.698915,2.468093,0.947455,2.238230,5.189143,0.927035,1.686303,0.362786,7.232109,9.896454,6.366508,3.331345,-6.247898,-5.344006,4.987491,7.132430,6.144776,10.131849,11.912126,17.845327,25.480003,24.870781,12.277290,3.108042,-17.160490,4.336718,4.149325,1.955917,0.942986,1.884036,2.438661,7.159132,13.077135,1.290587,15.471151,9.103260,8.173121,7.956868,7.473886,5.732626,6.804836,7.694698,8.439129,7.985166,3.715786,14.708063,22.486691,20.228039,11.618345,9.106587,4.219306,2.681322,4.124179,1.073206,-9.826097,-3.380117,9.320143,13.892165,20.936756
[0;32mI (17080) ANALISIS_ESPECTRO: Frame exportado | t=16.43 s | pico=50.8 Hz | 63.8 dB[0m
SPECTRUM_FRAME,17.455876,50.781250,64.770866,hann,512,23.030594,32.426826,21.778357,12.146698,3.436890,1.807902,7.896020,8.788005,15.362621,14.888641,27.736256,39.101433,61.516830,64.770866,55.563812,33.622517,20.762901,12.305576,14.381008,1.306744,12.467729,12.871885,12.703247,24.819052,38.906437,54.595303,55.320511,42.146355,27.215679,14.972501,11.532578,5.241175,3.137050,16.366961,15.029420,18.251997,17.915882,38.857361,50.210403,48.707394,32.199123,16.352406,17.286144,14.836241,13.806743,7.866822,16.403706,18.532660,15.289532,10.828248,36.956474,44.946625,40.848736,18.541069,4.890882,15.238099,15.128516,12.553826,10.980835,4.300011,10.311211,14.058576,12.406702,36.236073,41.387196,34.594616,2.706007,5.300043,6.205536,7.687669,11.348320,15.181517,15.253956,13.429669,11.643383,7.133889,20.265371,24.711771,17.330431,10.590820,13.051324,11.674004,7.598734,5.478330,12.563132,17.452969,21.782650,17.344458,24.407131,39.086918,39.757019,27.514734,15.061074,14.716942,14.116569,4.459322,16.764215,17.525976,10.233328,13.669766,10.252886,23.601437,33.084866,31.700035,20.471819,5.884860,-10.358898,9.509114,14.712646,15.253607,14.533978,8.101089,9.006937,6.542920,27.518389,34.544971,30.731522,14.986816,9.586798,15.456096,15.495643,2.780120,9.046858,7.070189,12.827131,10.065283,6.517114,19.576084,23.397976,12.505081,11.684597,3.425714,8.273672,4.806749,7.039077,11.770018,10.218601,-2.165340,8.769411,2.383209,20.395515,24.477791,14.292110,8.194908,10.850155,17.457775,17.241852,9.151984,1.213047,1.986855,3.746987,7.211468,16.377848,30.194187,30.868938,19.655798,3.326916,3.728521,17.685329,17.798077,9.729329,11.483188,14.403427,7.959182,7.161161,24.937151,34.107872,30.975580,13.899467,9.147923,16.278761,21.242960,23.753405,16.156357,0.077207,8.891535,11.379568,3.450045,22.192850,27.643431,22.679573,2.377011,9.265151,11.544592,14.029637,15.716757,12.213324,5.227001,6.390164,9.928315,8.223609,24.044807,29.005301,21.247623,1.055848,18.461603,17.142395,12.657923,10.550556,8.286108,4.055429,6.318408,6.278910,-0.285040,23.837238,26.447613,17.704287,8.270481,13.164991,12.693571,9.741282,2.389015,0.811260,4.340624,3.612097,-1.148152,20.515631,32.112019,30.497719,11.827116,7.709589,9.797565,16.319082,16.015507,7.123452,1.240357,-4.657637,-3.674869,5.094635,20.328888,28.566502,24.604126,8.951226,8.931791,10.865097,11.503878,7.365761,3.502789,8.554605,7.324135,6.009921,5.122304,24.617937,29.708923,21.799364,5.045298,5.945006,11.689413,11.060614,-4.165583,5.709812,9.192253,7.305681,3.997893,4.294084,21.186714,23.531591,8.858574,14.892519,16.297255,12.138828,1.027950,8.032491,2.271839,-2.772742,-0.863863,6.005625,5.289476,19.081614,19.057835,8.482306,15.080021,20.282433,13.152312,4.303240,-0.518282,-4.277958,-9.091318,3.889628,4.979519,7.756391,19.619619,16.826555,-15.463706,9.261797,11.900930,8.652328,2.019807,5.789363,7.136589,2.300929,5.856480,8.868948,15.965814,19.526693,14.717065,0.824505,13.248259,8.835172,8.097231,8.359637,8.803706,0.780180,1.785482,2.699661,1.701897,10.458299,7.064096,0.016733,4.109813,6.211448,0.743452,0.841912,4.468584,6.503799,5.949733,8.374557,9.694675,-1.489726,7.454364,6.312058,3.201647,5.831750,6.399289,5.278429,-0.562276,3.700977,5.972095,8.217426,2.935782,5.052164,8.230654,13.351553,13.208369,6.008929,-4.741248,3.279164,9.850079,6.905691,1.007491,0.018696,4.856951,10.201334,11.097443,12.162666,8.960756,1.445667,-5.137500,9.936809,9.777727,7.959117,4.322652,4.250729,5.261710,5.272259,8.291166,12.170838,10.489677,11.867743,0.987946,4.516684,7.046675,7.163153,2.108853,2.608845,6.251945,0.392510,-3.971548,4.646029,-2.173536,11.029617,16.233078,10.680939,0.218699,5.725782,12.503466,8.535446,5.680094,5.912607,6.678156,2.216848,7.442451,4.772250,3.179186,8.951016,6.013683,6.656884,1.382586,-1.757941,-2.039914,-13.755407,0.147782,-5.339583,-3.745282,-2.925350,2.526540,6.525851,6.744304,2.911427,5.190782,-7.815472,4.990689,1.202765,-9.436134,-0.135495,2.043665,3.049493,-8.009069,6.219133,5.624872,13.256256,14.923631,12.738955,8.057945,5.794506,9.456512,4.102621,6.341382,-5.295433,4.981846,1.187778,4.242684,13.166391,13.513719,0.376120,-0.256008,-7.557363,1.869236,-6.949127,13.305821,12.963418,5.660756,5.116849,-2.601685,10.085544,4.073967,12.805096,9.312704,9.398776,8.669867,1.702397,-4.112361,0.014545,-5.993307,6.721364,3.563803,4.156725,1.314382,7.526368,7.439375,5.281982,6.606775,10.181912,6.768290,-3.310873,-13.302820,6.963549,7.692858,4.446738,1.827417,7.802651,12.198063,5.495576,8.349627,2.689938,-8.975145,-2.304276,-1.727977,7.787205,10.273235,5.751364,0.136194,0.452510,15.726986,17.047976,8.100849,-1.836685,4.891270,7.713683,5.748945,4.834707,4.921803,-31.091743,4.781216,2.241968,3.894364,9.621030,5.590506,9.911297,4.832838,5.033557,4.511611,12.290203,8.123652,1.435744,5.047627,8.400285,0.677350,10.299318,17.180788,15.003794,-0.188866,-2.041707,5.735204,6.546220,12.644300,6.233630,-8.885303,-0.262992,3.856092,13.406876,15.766270
[0;32mI (18100) ANALISIS_ESPECTRO: Frame exportado | t=17.46 s | pico=50.8 Hz | 64.8 dB[0m
SPECTRUM_FRAME,18.479869,50.781250,67.500183,hann,512,63.229614,64.760811,43.675560,43.824829,44.454479,42.879406,43.185009,42.631077,40.932053,41.931038,40.479126,44.466137,63.682640,67.500183,57.000557,30.331650,32.270210,33.582096,31.800692,31.227280,28.800819,27.923904,27.561447,28.657637,42.693638,57.130150,57.920860,44.544872,26.882305,23.400919,17.329636,21.035980,10.881495,23.056301,23.532814,28.697067,31.923836,38.526764,51.359131,49.972080,32.514641,21.706745,10.013433,20.594009,7.321878,17.341572,12.702402,23.993893,24.237623,26.732244,36.526279,45.124565,40.898075,21.744312,16.560209,19.504780,22.804417,22.055223,7.362216,15.910532,17.346228,15.297208,13.756969,34.908920,40.788708,34.159805,20.767668,6.134662,26.904955,24.849617,21.723877,28.280121,30.052664,24.525930,16.421797,18.910315,24.539129,30.645245,29.505489,24.593363,-0.830001,20.906025,12.840491,23.834789,24.913157,18.204086,21.700756,26.026192,24.211891,40.088715,40.007950,30.659191,25.712372,28.561295,30.018539,31.522690,33.227383,31.584795,30.800837,28.959084,29.645695,33.386112,35.841305,29.485748,28.373224,30.994064,35.549873,37.449547,38.433453,39.791290,38.295914,35.236904,33.134689,35.663689,36.793346,36.090248,28.321447,21.457235,31.580624,32.578129,31.411287,31.150770,32.809242,30.059633,26.106569,24.044643,18.752417,25.997751,29.769321,17.626060,29.023344,27.437313,22.506626,10.212061,22.423285,26.307154,25.474157,22.606766,27.454178,28.719475,23.988771,9.494889,23.840435,27.054085,24.508362,27.559929,26.726343,20.315441,25.589865,17.252068,17.872749,16.870171,23.689310,28.646193,27.688374,5.970190,20.217064,22.351841,23.295050,23.973257,20.315245,21.705568,20.390148,-5.692264,20.309990,22.104273,31.783102,28.352299,11.205749,15.982419,19.162922,22.765697,22.696037,16.227468,19.223234,19.785221,14.611740,10.969504,14.463617,17.106052,19.825590,23.706301,23.257133,16.219870,8.185803,21.153402,20.777292,17.008879,14.565342,3.150160,0.701749,24.992073,28.666994,15.525218,15.209641,18.277481,9.774616,21.178425,21.776005,16.576874,6.106689,10.746107,14.144648,15.716942,26.080359,26.247662,17.622162,15.348207,11.525692,12.356743,8.786641,15.648646,15.490571,7.538931,11.253185,9.059835,18.617937,32.061611,30.935043,15.283808,11.763227,9.548560,4.511395,10.028307,13.071227,13.343376,11.983282,15.951065,14.543808,16.213127,26.914120,24.633057,8.021803,8.508538,12.388849,10.465364,8.136914,10.276786,16.751316,18.407087,12.522181,7.611643,26.350609,32.092369,26.198467,13.108430,11.734080,13.153792,18.052658,17.330070,15.660676,11.572010,-8.714613,10.161945,10.337764,21.929045,25.587467,18.604404,7.537789,13.277177,14.417114,13.761220,15.748892,11.495083,14.515018,9.002751,9.064260,11.031231,25.472307,26.623615,6.986417,13.577463,19.295010,17.636559,4.341597,13.453259,3.875960,14.578259,10.900680,-8.010370,0.672854,16.809303,20.266476,7.801380,10.128049,11.915869,11.771988,13.751574,13.809012,12.926990,12.592158,7.022753,9.941138,17.962038,20.633278,13.710385,4.957422,5.642790,6.690009,8.489344,14.920479,15.402245,12.485554,1.584344,8.045306,2.200261,16.473463,20.153120,10.419183,9.283993,2.490117,-10.713243,8.191412,16.740330,16.480968,12.471808,7.740843,-4.951432,8.317698,15.523371,16.331232,8.987256,9.587921,13.061993,13.743771,12.371077,14.607098,15.600945,16.811146,19.300755,19.068411,15.485622,14.668728,13.400080,6.737671,8.173141,9.385736,6.679792,8.088448,12.076853,15.524879,12.004981,9.721196,9.839586,8.264596,7.199258,11.744218,14.556722,14.127913,13.910542,11.559855,11.653434,12.943260,13.210219,-0.333920,12.639044,14.774725,9.565100,3.772009,7.452010,12.477808,1.444496,13.149365,13.212257,7.455759,8.205771,13.647462,13.614290,3.344368,9.276384,14.378518,14.880466,4.222994,17.697042,14.904422,6.989329,4.370699,10.663540,9.300298,3.721087,5.916994,10.315849,12.514810,5.713828,4.377545,11.810457,16.296917,12.524937,5.830849,7.668312,12.177564,13.998039,14.137583,11.328985,4.260207,12.627722,9.263313,10.008641,7.210855,12.118273,6.267496,3.951995,-0.733201,6.497493,11.013363,10.208994,6.707490,10.566666,13.388611,7.734899,9.091448,5.408318,11.833450,10.132884,6.492959,0.480807,6.212897,11.938093,10.891836,10.746760,5.782940,13.349171,17.299885,6.263648,11.257025,11.014256,9.183778,12.411777,10.735140,3.214029,10.062540,5.885025,-0.707893,2.744134,7.817492,7.294230,8.390415,11.753386,6.226793,-3.786730,8.168393,7.621449,7.356214,9.017082,-3.293965,-0.097906,2.339706,8.112536,8.700713,11.114380,12.487687,8.377625,-3.351485,2.317743,0.456571,5.109749,2.184907,-1.725964,-6.349640,4.737816,8.434038,-4.609958,6.548670,9.700773,10.666710,12.992245,11.905687,9.527204,8.518594,8.610437,9.738583,5.459390,13.204195,2.700341,5.208118,11.827957,15.853848,12.131610,12.865281,14.384335,13.028140,8.322346,1.819458,3.291477,6.726450,11.167715,10.939917,5.176427,4.665299,7.352132,1.290902,8.367617,12.761953,9.565966,3.700998,8.303185,13.124848,12.558040,16.166792,13.792736,16.403173,15.970784,1.855387,13.306419,10.112555,-0.105015,6.906617,9.868662,12.855042,15.904295,13.560640,14.955964
[0;32mI (19140) ANALISIS_ESPECTRO: Frame exportado | t=18.48 s | pico=50.8 Hz | 67.5 dB[0m
