Command: /home/yuusha1/esp/idf-tools/python_env/idf6.1_py3.12_env/bin/python /home/yuusha1/esp/idf/esp-idf/tools/idf_monitor.py -p /dev/ttyACM0 -b 115200 --toolchain-prefix xtensa-esp32s3-elf- --target esp32s3 --revision 0 /home/yuusha1/esp/projects/labs/Rep_SE_202601_grupo_Diego_Santiago_Chen/Lab_1/Ejercicio_5/analisis_espectro/build/analisis_espectro.elf /home/yuusha1/esp/projects/labs/Rep_SE_202601_grupo_Diego_Santiago_Chen/Lab_1/Ejercicio_5/analisis_espectro/build/bootloader/bootloader.elf -m '/home/yuusha1/esp/idf-tools/python_env/idf6.1_py3.12_env/bin/python' '/home/yuusha1/esp/idf/esp-idf/tools/idf.py' '-p' '/dev/ttyACM0'
[0;32mI (264) main_task: Calling app_main()[0m
ESP-ROM:esp32s3-20210327
Build:Mar 27 2021
rst:0x15 (USB_UART_CHIP_RESET),boot:0xa (SPI_FAST_FLASH_BOOT)
Saved PC:0x42014157
SPIWP:0xee
mode:DIO, clock div:1
load:0x3fce2820,len:0x14f0
load:0x403c8700,len:0xda0
load:0x403cb700,len:0x2f58
entry 0x403c8908
[0;32mI (24) boot: ESP-IDF v6.1-dev-2938-g12f36a021f 2nd stage bootloader[0m
[0;32mI (25) boot: compile time Apr  8 2026 14:46:03[0m
[0;32mI (25) boot: Multicore bootloader[0m
[0;32mI (26) boot: chip revision: v0.2[0m
[0;32mI (29) boot: efuse block revision: v1.4[0m
[0;32mI (33) boot.esp32s3: Boot SPI Speed : 80MHz[0m
[0;32mI (37) boot.esp32s3: SPI Mode       : DIO[0m
[0;32mI (40) boot.esp32s3: SPI Flash Size : 16MB[0m
[0;32mI (44) boot: Enabling RNG early entropy source...[0m
[0;32mI (49) boot: Partition Table:[0m
[0;32mI (51) boot: ## Label            Usage          Type ST Offset   Length[0m
[0;32mI (58) boot:  0 nvs              WiFi data        01 02 00009000 00006000[0m
[0;32mI (64) boot:  1 phy_init         RF data          01 01 0000f000 00001000[0m
[0;32mI (71) boot:  2 factory          factory app      00 00 00010000 00100000[0m
[0;32mI (77) boot: End of partition table[0m
[0;32mI (81) esp_image: segment 0: paddr=00010020 vaddr=3c020020 size=0f458h ( 62552) map[0m
[0;32mI (99) esp_image: segment 1: paddr=0001f480 vaddr=3fc91300 size=00b98h (  2968) load[0m
[0;32mI (100) esp_image: segment 2: paddr=00020020 vaddr=42000020 size=16254h ( 90708) map[0m
[0;32mI (119) esp_image: segment 3: paddr=0003627c vaddr=3fc91e98 size=025e4h (  9700) load[0m
[0;32mI (122) esp_image: segment 4: paddr=00038868 vaddr=40374000 size=0d2e4h ( 53988) load[0m
[0;32mI (135) esp_image: segment 5: paddr=00045b54 vaddr=50000000 size=00024h (    36) load[0m
[0;32mI (141) boot: Loaded app from partition at offset 0x10000[0m
[0;32mI (141) boot: Disabling RNG early entropy source...[0m
[0;32mI (153) cpu_start: Multicore app[0m
[0;32mI (161) cpu_start: GPIO 44 and 43 are used as console UART I/O pins[0m
[0;32mI (162) cpu_start: Pro cpu start user code[0m
[0;32mI (162) cpu_start: cpu freq: 160000000 Hz[0m
[0;32mI (164) app_init: Application information:[0m
[0;32mI (167) app_init: Project name:     analisis_espectro[0m
[0;32mI (172) app_init: App version:      bc6dc7c-dirty[0m
[0;32mI (177) app_init: Compile time:     Apr  8 2026 14:46:06[0m
[0;32mI (182) app_init: ELF file SHA256:  1bdb874b6...[0m
[0;32mI (186) app_init: ESP-IDF:          v6.1-dev-2938-g12f36a021f[0m
[0;32mI (191) efuse_init: Min chip rev:     v0.0[0m
[0;32mI (195) efuse_init: Max chip rev:     v0.99 [0m
[0;32mI (199) efuse_init: Chip rev:         v0.2[0m
[0;32mI (203) heap_init: Initializing. RAM available for dynamic allocation:[0m
[0;32mI (209) heap_init: At 3FC99690 len 00050080 (320 KiB): RAM[0m
[0;32mI (214) heap_init: At 3FCE9710 len 00005724 (21 KiB): RAM[0m
[0;32mI (220) heap_init: At 3FCF0000 len 00008000 (32 KiB): DRAM[0m
[0;32mI (225) heap_init: At 600FE000 len 00001FE8 (7 KiB): RTCRAM[0m
[0;32mI (231) spi_flash: detected chip: boya[0m
[0;32mI (234) spi_flash: flash io: dio[0m
[0;32mI (237) sleep_gpio: Configure to isolate all GPIO pins in sleep state[0m
[0;32mI (243) sleep_gpio: Enable automatic switching of GPIO sleep configuration[0m
[0;32mI (250) main_task: Started on CPU0[0m
[0;32mI (260) main_task: Calling app_main()[0m
[0;32mI (260) ANALISIS_ESPECTRO: Inicializando analisis de espectro[0m
[0;32mI (260) ANALISIS_ESPECTRO: fs=8000 Hz, FFT=1024, periodo=1000 ms, export CSV por serial[0m
[0;32mI (280) main_task: Returned from app_main()[0m
SPECTRUM_CFG,8000,1024,512,7.812500,hann
SPECTRUM_FRAME,1.070175,46.875000,57.039909,hann,512,17.235353,16.538841,19.194424,17.336639,28.467505,44.880783,57.039909,55.816376,39.409363,26.365093,17.203823,21.416464,46.390987,49.874504,40.708351,21.598186,13.386331,23.711920,33.362762,44.107098,40.790142,21.312168,23.034458,12.493019,29.231634,41.698631,42.590118,32.013111,25.182743,25.026083,18.035458,31.248148,38.411827,33.901855,26.560314,28.282230,30.755854,31.013847,29.465096,28.528948,28.664038,24.736120,33.276382,35.794304,37.311199,39.469677,30.980389,14.608078,31.068974,36.156860,32.281319,38.066368,37.094830,28.295202,20.339260,29.503674,27.610748,31.039171,34.425850,30.079479,25.998022,21.444969,21.213512,28.198336,28.980457,18.270475,18.453943,24.894541,24.019529,26.212666,29.754765,24.039474,16.208546,22.034191,20.670202,18.456503,26.591705,31.481873,16.514778,30.725071,32.054192,27.835072,19.727999,30.304550,29.776627,24.086395,33.368172,25.532675,21.612875,20.700857,21.982386,17.236864,26.646172,18.007742,12.343965,15.838099,20.416012,26.694187,22.794300,22.783337,18.930910,20.613863,28.923985,27.162563,24.917515,19.975140,22.408287,21.145708,29.728823,30.051441,18.375175,15.997456,4.754988,7.469799,22.132977,27.448490,26.513653,21.806919,12.711157,13.453683,12.629702,24.214249,26.348677,25.510933,18.091396,6.051967,11.847012,21.214817,26.899837,25.498421,21.739981,12.255295,18.912001,3.552451,26.148699,31.931316,31.823952,21.872923,9.366301,10.064587,16.079390,23.973354,23.735023,17.988779,-6.063035,1.013182,13.457096,14.179276,25.138016,25.073606,10.100068,14.170918,10.321014,18.182381,20.807709,21.675501,9.034449,10.608144,11.053194,18.874241,15.282751,13.960983,20.944233,17.971420,15.283360,20.740639,17.434542,15.247606,18.589931,16.064856,10.306458,23.859257,28.174095,23.776520,19.555719,16.844643,14.661613,9.368917,18.553770,16.032183,14.631615,18.435602,0.145091,16.037169,12.167068,15.457773,11.638487,19.186155,16.164114,9.428585,14.362263,10.353670,5.974856,9.084639,9.584628,15.959872,16.357370,15.308907,13.500736,5.365157,15.292925,16.509148,6.818058,2.216727,9.449276,10.892301,-1.009137,8.735081,15.622416,9.704328,-2.758011,7.683243,10.149360,10.780901,20.281395,18.881775,7.960886,4.752436,8.129465,-2.061341,4.210339,14.963247,9.363826,2.506927,9.511958,8.804140,12.593585,12.717348,9.919512,10.837772,10.546547,8.638259,12.482328,3.490088,-0.495223,11.140831,12.870101,0.129460,8.610987,10.140669,11.449581,9.759415,8.324787,0.549175,7.605362,6.374513,10.521652,9.345294,4.235841,9.538817,14.264614,20.026264,19.426630,13.535465,7.333839,11.141301,14.487144,23.269085,24.613430,17.567667,8.649151,6.551280,10.894129,18.930141,16.605793,11.899981,9.892700,5.143397,6.952431,8.675004,2.309563,5.158153,7.166548,6.828091,7.785914,2.407002,4.677316,6.223388,-5.049573,-13.461308,0.332513,5.805813,7.863920,10.678007,12.080935,9.617718,4.899779,8.877380,12.019892,5.291176,9.638990,12.088619,9.215160,10.921959,12.991371,-0.641789,5.105539,11.552593,6.375736,7.843681,18.856243,17.483128,2.879534,7.403522,9.431910,7.312762,7.693851,4.623680,-0.175889,6.951366,8.726521,6.270621,0.100425,10.106784,4.762214,3.918287,8.398979,11.203685,6.141821,9.476916,9.122626,3.778304,9.905452,5.685480,11.188606,9.590808,-8.215817,10.445110,11.925975,1.927072,11.647593,11.819437,0.762375,3.033950,9.357079,5.037799,13.215679,16.098692,6.237023,-5.757139,7.370226,2.255722,9.173736,16.482042,12.595457,5.065526,8.618183,9.609564,9.868899,5.516763,-11.221000,2.206402,3.659720,7.156634,7.862311,4.093637,4.397532,8.178917,10.043220,6.878887,10.042871,8.900977,2.523809,6.004915,11.521742,7.806374,10.888250,12.698655,6.829794,7.324203,9.693073,10.873177,9.032032,9.354523,2.453824,3.213936,10.120937,12.055792,12.012205,8.335202,10.274656,10.399376,10.092940,12.137965,3.793373,10.406431,7.499306,5.559614,3.111577,-4.825232,-3.176062,11.474036,14.486217,5.667231,2.670305,8.004335,7.505699,-7.183277,9.685191,12.489809,12.625751,-1.012241,12.598104,11.335199,1.679750,-1.758991,1.095840,7.400024,11.427599,10.219233,2.296011,11.298006,12.593575,13.312465,9.690836,7.989080,11.039795,9.064132,7.266417,12.880868,8.147556,5.215848,-19.292332,2.639468,5.976192,10.404322,5.079839,-0.543268,0.852777,3.576735,6.048834,1.600159,3.483817,-0.860258,-5.124745,-24.319944,6.548212,2.351466,-1.590755,10.499110,10.239773,4.587440,6.570039,13.111179,8.762054,2.416178,8.252984,11.408054,9.895870,5.188502,5.954651,14.434700,13.061465,9.321864,8.117827,8.480970,5.536454,5.897635,15.174750,17.190474,14.883045,9.917437,2.453262,-4.505799,7.561762,13.836709,10.863274,2.620610,4.700881,8.205415,8.065416,-0.082023,1.941969,7.702985,2.530333,3.001922,6.502857,3.047282,0.092519,-1.211881,5.040471,9.360080,8.355235,11.678252,13.465233,12.160129,6.843091,2.597940,6.084958,11.728621,10.923823,11.047774,3.103204,0.378954,-0.593362,3.068697,6.439059,4.597533,5.167803,2.433576,-5.880151,-1.018731,4.925151,2.354810,0.086061,6.669356,2.487512,-5.308682,5.634332,9.978756,3.077952,-0.128625
[0;32mI (1730) ANALISIS_ESPECTRO: Frame exportado | t=1.07 s | pico=46.9 Hz | 57.0 dB[0m
SPECTRUM_FRAME,2.092537,46.875000,56.918968,hann,512,28.221533,28.364014,15.363749,14.234386,26.352119,45.000809,56.918968,55.691338,38.805531,28.150291,8.401443,23.337757,46.348152,49.953533,41.284389,23.421471,14.951210,12.394190,35.096214,43.883167,40.196606,18.994104,16.799776,21.973326,21.697905,40.446541,41.745228,28.660313,18.493984,18.664558,23.603348,27.640963,37.073456,30.151779,21.395462,21.191742,24.605404,28.620106,31.128845,27.420366,23.088039,24.982468,22.610088,24.923004,36.131653,39.073254,31.111887,15.212070,25.764730,26.687185,30.958069,36.931614,31.942013,18.411968,14.287836,22.744755,21.591049,29.665394,27.293461,16.404057,4.867229,11.160235,15.185943,28.294079,29.400179,20.458504,14.331536,16.260878,18.175720,25.120489,32.546192,27.741652,18.801102,18.008181,24.102850,26.074356,30.904720,33.056797,24.019728,27.905283,22.699261,28.224930,27.050987,30.790205,27.758904,28.231533,30.983105,15.578975,27.669525,26.987677,22.548380,15.731992,24.315985,21.221703,17.246696,27.951315,29.972811,27.725620,25.429060,20.940561,14.742356,23.394995,30.743668,28.995052,21.232834,20.429646,19.200754,13.459139,24.455120,23.582878,21.024536,23.165192,13.591908,2.954602,14.307770,19.819090,11.595671,11.572255,19.127066,18.929211,19.595818,26.139729,23.990545,6.648883,16.753199,19.601166,15.472726,23.910645,27.624332,26.340189,23.242510,14.207350,9.418231,14.333428,21.187733,25.767159,29.245461,23.835602,11.899911,11.390629,18.247101,13.446974,21.241711,22.756891,17.279606,8.163489,13.452255,18.809551,22.328049,18.688417,12.809242,19.508158,11.346581,17.547438,19.574829,9.320845,16.555477,15.449971,14.807271,19.460106,21.209232,19.785309,11.741035,12.757637,10.279546,17.378624,3.561105,17.566072,13.381847,7.013994,16.044336,26.345739,27.559549,12.160990,9.718491,9.488858,11.886095,19.664696,25.012043,21.322113,14.125711,13.884324,14.771175,2.725413,11.346085,7.177929,10.231928,17.017868,13.152256,11.179605,16.736313,15.877875,9.800306,13.212790,8.767930,12.677843,13.026543,2.140055,2.206620,-0.170882,4.354487,8.756702,10.454293,15.058386,14.049292,5.822442,14.150206,16.922262,14.603404,1.703840,8.300123,6.897882,10.147505,2.636294,18.184212,20.148720,11.238423,5.353391,11.985206,6.206344,17.554335,22.707529,19.182692,8.009741,12.041541,14.254076,5.525982,7.201860,8.523376,1.680290,7.401475,10.783166,10.293755,12.955513,9.895164,3.941192,-11.289625,2.935944,10.037655,17.152241,18.715492,16.291637,11.048985,12.328547,12.005062,3.770275,8.659019,12.567844,-4.683268,-12.933612,14.549714,15.617188,1.301227,12.807120,9.191074,5.117783,8.869859,21.176533,19.806530,2.741771,2.809523,11.011167,12.566011,14.479962,14.846186,9.646772,11.270579,1.326455,5.489151,15.706800,18.483049,13.600426,0.887923,5.907914,15.866497,16.730980,13.384794,13.884470,11.783590,12.481148,13.609653,12.910372,7.332272,8.830108,10.321663,7.577218,12.285710,13.438505,11.591787,10.856499,10.005692,4.145925,-2.995915,7.770910,4.911543,-1.367857,10.996254,7.524467,10.412418,12.600769,20.179211,18.580336,1.504144,11.732279,11.287622,9.753758,12.120729,12.923325,-1.868031,-2.589387,4.821634,-1.797003,11.882706,12.633213,10.708264,13.271975,12.466513,11.930209,9.680609,6.128888,10.792829,13.661686,13.174516,12.670204,8.275194,4.038570,3.964825,9.579050,-1.371820,5.683322,4.696741,-9.446053,-6.079198,3.544017,7.826396,13.563972,13.817109,3.552697,8.666759,13.873053,15.761841,17.555758,15.160608,6.058540,14.832373,6.318215,8.918948,15.016085,13.240179,-3.084419,10.206617,5.720389,0.092435,5.493059,10.181798,13.521618,12.970830,11.202280,4.278924,7.953763,6.913401,7.646075,9.283587,16.863091,17.497196,9.545435,7.672919,8.169035,11.516771,13.299320,13.931765,16.166405,16.212719,15.156149,15.255468,12.411058,7.875707,8.117075,10.412937,11.553903,11.946172,13.197662,10.090536,10.788970,0.620835,8.481860,14.920331,15.665642,8.180712,7.311654,7.829342,12.936331,15.417437,11.821020,3.338449,-6.321270,-4.960932,-4.783009,10.705116,16.441782,14.517464,2.639677,0.744898,0.724070,7.097104,12.277802,14.956378,14.978207,9.852337,7.056901,5.897129,10.875849,14.340487,14.419914,14.055386,13.218956,11.595231,9.581044,12.748794,16.830894,10.712744,-1.008610,1.595779,-0.200964,11.501467,14.198146,8.211059,9.274685,5.464361,9.567784,8.310713,16.323858,15.688528,15.323698,14.442745,9.018570,6.863824,13.773208,15.483179,14.972980,15.249149,16.773983,16.732809,15.159866,11.386740,12.494060,13.188665,13.424139,16.394045,16.095051,9.220179,6.724829,14.312272,15.892459,16.089140,18.772610,18.095613,12.003868,9.351129,13.421217,15.154134,13.966760,10.785582,8.130402,-3.261914,3.105900,7.871935,12.037094,12.119022,11.270328,9.948776,9.294785,7.649977,-3.905200,3.015446,12.323979,14.704045,14.549331,13.084165,7.974371,8.574763,9.964952,13.344020,13.804234,12.334586,13.006710,9.701081,14.555933,15.290030,12.441335,4.452317,1.728502,5.978164,10.612556,13.047133,11.876104,6.905052,5.514481,9.722683,8.145573,6.059220,-4.475085,-8.279163,5.089379,12.621233,11.115116,10.400501,13.330403,13.350663,11.818419,10.832295,11.662465
[0;32mI (2750) ANALISIS_ESPECTRO: Frame exportado | t=2.09 s | pico=46.9 Hz | 56.9 dB[0m
SPECTRUM_FRAME,3.114907,46.875000,55.008423,hann,512,31.665295,32.017662,15.028322,20.436457,22.578587,43.197655,55.008423,53.683487,36.450897,22.440220,14.185814,23.072796,44.432201,47.473206,37.987942,20.077774,13.016008,12.913112,33.365074,41.802444,37.747723,12.947907,9.606754,3.210652,25.461514,40.463833,41.129147,28.052950,8.488669,16.893778,17.993700,34.328705,38.958630,32.241451,9.296297,15.153152,17.360430,18.940062,25.505064,23.836386,15.581912,12.763318,7.439256,14.721137,34.262104,36.973022,27.622391,17.204359,8.464898,9.879958,28.177353,35.968578,31.356308,0.565123,5.819420,10.475121,20.488071,32.428497,31.828766,12.572916,7.981541,17.898876,20.602894,25.289280,26.979609,19.015802,24.746052,22.444609,24.350872,23.588724,28.823307,24.953119,26.089212,28.175594,25.049355,19.615040,27.008646,30.314589,14.274277,19.644403,19.653023,22.515709,23.664219,32.877953,29.742817,22.427147,20.374374,1.269429,21.551027,29.154888,28.893663,21.300491,16.180424,15.790931,12.513436,24.940243,27.245815,24.410608,20.280666,13.255072,12.604090,18.471384,28.582157,26.877155,20.267981,19.800650,14.848835,15.268182,26.916550,28.400654,20.025303,9.927508,11.427496,11.955012,23.853725,27.910713,23.886288,17.345417,18.592516,15.826808,18.246891,25.745506,25.299547,20.259804,20.294136,18.453026,8.567151,10.849305,20.869095,21.692951,18.631971,10.103393,16.016615,18.013765,7.496994,18.965794,16.172020,12.975241,19.419081,21.815033,14.836236,1.908561,12.888347,-5.116539,6.897787,16.249176,13.756001,18.606926,7.253899,8.376425,13.123389,11.907703,16.863136,19.857630,13.579868,3.048984,7.082811,9.282100,12.691394,15.327686,9.028398,0.532760,-1.563479,2.281722,2.411995,10.500256,9.403171,7.511527,12.176598,0.698696,12.396645,17.715801,19.736893,12.346361,1.387727,5.937190,11.906109,14.450192,15.526656,12.149858,2.778380,10.702009,14.320452,14.095286,14.063776,12.554933,5.984918,12.668137,7.118964,11.217919,14.547548,18.874184,12.884093,18.432898,16.483150,3.599942,15.330810,18.348961,17.758120,16.575638,17.075378,14.710403,18.445658,20.643320,18.701756,14.304077,12.845177,19.366049,19.017532,18.997162,18.442150,17.397293,16.386902,16.185171,13.771637,9.589365,6.320243,-1.580686,0.947024,1.458940,9.230387,5.627676,12.826036,13.258653,3.951618,4.686896,8.246662,7.404737,7.948180,6.018032,3.444498,5.575233,6.301284,8.882423,0.101825,12.432867,11.814587,6.960242,4.313020,3.227598,0.566656,6.836964,9.691898,10.009195,0.930591,6.085572,7.162962,8.993367,1.906069,-15.155510,6.118476,9.586287,7.846236,5.954556,8.859013,4.507377,11.176302,15.631670,17.107780,11.789083,0.146909,3.977242,5.748769,5.274383,8.873896,6.670094,5.440221,9.575169,11.548336,3.170325,2.960615,1.500223,5.995370,5.635457,8.467899,10.390873,6.268809,3.699774,6.805267,3.434065,4.144220,-2.727186,9.016263,9.941631,8.332883,6.543570,11.211585,11.048032,4.233044,-8.624562,6.255610,8.325204,2.355056,7.115007,11.251762,7.213915,7.912785,7.288813,4.277892,5.918710,4.529238,6.122021,3.438037,7.785734,10.137384,10.966376,13.903161,12.417283,9.222511,9.479618,5.437817,5.890173,9.973225,11.367666,3.282773,1.952015,3.980883,-3.599197,-0.903666,4.521704,5.081477,5.341356,9.578418,4.127023,4.693827,9.393700,11.708324,7.000319,4.209882,6.008023,5.359306,8.825997,14.496608,10.192430,10.568589,4.318438,-3.149299,4.692941,10.740154,9.875574,7.559661,6.381217,9.686235,8.384505,0.947400,8.045786,4.045510,-5.063280,8.672292,7.367621,-1.557916,0.105011,-5.999410,-5.740945,-3.355851,8.510713,9.600853,6.212309,5.407840,-1.277141,-7.630271,8.897058,12.079253,5.388332,11.650229,12.931507,11.510452,11.362011,10.511696,3.682882,1.922791,12.740383,15.434031,7.813119,7.312987,8.103395,10.629935,3.909096,7.572916,6.618328,0.968644,-0.086289,2.849728,-3.484502,6.076995,8.538568,4.700684,12.953539,16.976200,13.982988,6.722727,9.919745,10.717091,12.992588,14.897104,12.089991,2.837120,2.717440,2.966928,-1.156808,-4.710134,2.601122,5.664954,-1.024903,6.531537,7.699218,7.904175,6.024747,0.980919,7.751135,6.731088,5.059681,3.606121,9.882316,11.543083,9.062225,10.669731,5.509706,1.452190,3.678913,5.616503,7.432245,5.153036,7.223554,11.367886,8.918319,6.612139,5.615440,7.435416,0.213541,8.005501,8.677916,3.555596,7.266528,-2.390403,-14.205048,-3.976278,-13.557315,0.676145,3.281118,-0.115106,0.438674,8.457048,5.248842,3.504320,6.487749,-8.456857,-3.946766,4.040256,6.420443,7.042676,3.250249,1.250016,3.227748,5.897593,8.705230,6.440385,-3.462760,2.744854,1.256741,-6.943662,-10.468454,2.327776,3.789669,0.761300,4.204899,-6.848099,2.961014,9.366759,8.083096,-6.120167,5.099381,1.593448,1.235836,3.018957,6.764235,7.944564,8.190195,5.407052,-0.340881,-12.818102,-0.467406,3.092290,-8.335129,1.903456,1.958742,-6.317931,3.767789,4.110730,0.683213,-2.663634,4.784533,6.124349,1.881765,10.535020,10.024656,5.999302,-1.111346,1.544116,-0.966122,4.551725,4.236067,-5.033921,4.252268,3.434195,6.643829,0.700327,6.580229,-1.831389,-5.092388,6.117869,8.355132
[0;32mI (3760) ANALISIS_ESPECTRO: Frame exportado | t=3.11 s | pico=46.9 Hz | 55.0 dB[0m
SPECTRUM_FRAME,4.137269,2000.000000,57.285160,hann,512,24.086836,42.626148,45.135696,37.621422,16.705511,46.073433,56.118885,54.789219,40.842537,16.633316,20.324804,20.469912,45.138199,48.092922,38.181019,25.704430,19.449738,23.609161,34.732594,42.950367,39.446175,19.092821,6.551579,12.607398,18.261412,33.212055,34.199043,24.105494,12.035692,12.229321,16.561468,22.653379,28.309429,21.754562,5.891178,10.021816,15.374871,25.355389,35.497772,33.818859,22.675060,12.072973,4.148448,21.513180,37.093689,39.426037,30.316517,-0.582353,8.706358,-2.153094,24.360445,31.665781,26.872906,10.790168,9.996028,10.641623,19.122150,28.704880,27.434872,3.322853,4.885703,6.903980,14.894247,28.529350,32.222549,24.080002,13.545300,3.316679,2.077574,24.647558,33.666969,32.152550,20.084152,1.920263,3.326026,11.186064,24.138014,25.117189,13.009056,9.951653,10.145868,10.139111,20.152367,26.807985,23.521301,17.636192,15.615445,12.826752,20.548380,28.599329,27.436083,16.363867,6.941977,-1.816372,2.678273,22.800827,27.827377,23.688974,13.505455,1.550459,-29.282701,11.679953,18.860762,16.461407,11.268152,8.031536,5.164252,-2.531050,21.220682,25.341604,19.016483,7.840141,5.110525,9.779134,18.226854,21.787292,16.410522,6.458914,3.048790,-3.104098,-4.070168,7.096239,2.588401,10.330076,0.323756,-10.339851,4.695694,6.163757,1.694430,-4.783583,-0.105119,-0.531398,1.795281,11.095543,15.896322,13.548814,6.493243,0.560863,3.048818,2.138812,13.045523,12.235051,6.295106,5.762734,5.980103,8.660415,20.276262,24.601460,19.366220,-5.674027,-2.825752,-1.265839,9.927117,20.499008,17.861444,9.642197,11.162130,7.156721,0.595666,17.532934,20.453568,8.777271,8.483132,0.270476,4.300611,7.677095,18.362803,12.679897,9.538819,6.464635,6.435266,5.126987,17.133011,15.913452,9.724998,5.723577,9.490319,9.934693,14.217628,21.002060,15.671516,4.956918,-1.676997,2.583145,16.491163,24.610916,22.268791,9.462412,11.268970,-1.107558,0.001492,16.801544,19.951199,7.762253,12.624406,14.381229,3.872297,8.200479,16.526754,8.223220,11.911551,11.748633,8.399476,5.841393,20.244692,20.810947,13.165523,14.555866,12.252245,-3.565426,20.799366,23.768410,9.524579,10.077056,-1.113739,-7.196929,15.203180,24.642120,21.848536,6.392818,7.595189,8.452763,0.921176,17.987719,20.604527,12.298664,1.812242,1.474942,11.987574,17.751251,21.505775,11.778797,13.896951,7.821521,11.545520,14.035370,23.615702,24.175175,16.235744,19.075405,21.237925,22.158035,27.453159,29.613503,17.483177,20.909376,20.435776,29.618254,36.446289,44.700455,41.064537,33.927094,33.571583,34.858898,38.964520,56.654823,57.285160,43.177681,38.770302,34.438786,34.888142,39.116280,44.924873,40.014626,31.909418,28.797646,23.447578,21.774740,28.376368,22.545410,21.929142,21.319227,20.399899,20.519064,24.506603,27.771667,17.915583,13.666333,7.142167,6.496845,11.418777,1.045558,16.004967,17.874300,11.752553,11.784958,9.921972,17.095362,17.471298,-0.711464,5.141850,-1.024004,-6.134583,14.443692,21.378922,19.095871,14.210812,5.115314,-5.601216,15.652554,26.194191,24.104746,-5.494988,7.010699,8.408827,12.339390,16.437300,14.827431,-6.765765,7.543630,9.550924,7.006097,17.558165,23.703939,15.733641,6.275666,7.796169,11.289907,7.774513,16.316561,15.641856,9.874011,9.295126,10.738152,9.082727,19.502417,23.240700,13.808770,5.764301,-3.061442,1.234598,3.397216,16.371105,10.232991,9.356588,10.148411,12.227021,12.209641,20.626181,19.955338,7.630955,12.259889,2.993939,7.517555,13.402483,19.446724,13.100117,2.536714,-0.013517,1.169075,4.990315,14.085905,13.496589,0.609603,1.754764,9.742167,10.480095,17.369020,19.256479,7.148402,2.115197,-2.476800,1.384128,5.607223,13.239779,10.928864,9.951389,10.971272,9.837871,10.360489,17.750854,16.869892,3.407021,7.872497,5.218006,3.803418,-1.752303,3.780647,0.177617,2.930499,-0.176934,2.848645,8.802263,15.434221,10.648367,2.727993,1.568441,4.125343,2.148003,10.036877,11.626472,-1.078962,6.523986,9.605050,10.893661,12.170254,13.176065,10.646288,7.481833,7.118738,7.874775,6.740479,15.278263,13.121340,2.512853,8.876163,4.199703,1.570958,8.167730,7.802646,-1.573619,9.832974,9.884298,11.137043,11.771229,15.973330,16.518471,7.650340,4.985948,9.908834,7.980597,7.946205,13.912028,13.628554,9.607539,13.088475,14.079566,16.343624,18.894299,11.506890,10.341398,9.023401,-1.871256,6.303423,12.554764,14.294668,13.179111,7.331861,5.318585,9.792065,15.304497,18.202900,17.455595,12.882023,5.176898,6.493320,10.560760,10.966578,11.262232,14.286585,8.866512,3.657244,11.116274,5.822519,11.393758,11.738137,8.901051,6.642838,10.366615,11.699823,10.362020,3.058589,9.883376,7.931555,7.692052,8.015132,12.650257,18.939827,20.313419,15.054555,2.195582,8.861352,12.007213,13.462848,16.478294,14.440107,9.892132,6.825603,12.499518,16.176474,3.970784,18.763998,17.503328,13.803476,11.905544,-0.271756,6.450873,16.686375,15.391065,12.948597,13.205548,13.596397,20.588879,25.994499,26.245453,21.307764,21.490744,21.880342,17.750668,17.142773,19.691502,20.703020,19.396135,21.410875,33.395340,38.024834,38.005516,36.727299,29.245457,37.469334,44.707481,49.703995
[0;32mI (4790) ANALISIS_ESPECTRO: Frame exportado | t=4.14 s | pico=2000.0 Hz | 57.3 dB[0m
SPECTRUM_FRAME,5.159622,2000.000000,57.495575,hann,512,27.473457,43.392563,44.539982,36.119987,23.557699,44.912224,55.882195,54.281956,36.729057,26.359568,24.666237,20.427925,44.884789,48.236519,39.210922,11.716098,15.112631,18.778919,34.054695,42.522461,38.428749,14.176377,16.701221,21.282646,15.702945,32.547867,32.830269,15.692906,17.210335,14.045774,11.244385,21.068707,27.294395,23.253412,6.167764,6.859874,14.083706,25.521225,35.255638,32.570229,17.474337,19.137089,13.938636,12.818909,36.465431,38.821564,27.634459,14.815685,7.423663,10.970230,23.750328,31.688986,25.576696,14.653378,14.503862,5.179436,14.678191,29.089645,29.894827,17.991566,6.043304,7.361991,9.815556,27.511265,31.980976,21.970644,12.463384,-13.256764,10.027397,22.199869,32.654602,28.325485,7.924512,11.800529,11.212582,9.702188,23.328480,25.277943,14.845076,7.637399,10.528427,12.122203,20.191765,28.952894,23.459381,8.594800,13.177470,3.185934,15.062130,28.582226,26.865211,4.135999,8.982592,5.580281,5.939931,18.830503,20.635963,15.515357,14.431179,-11.289871,0.422370,14.371728,22.867430,19.289194,10.663644,12.193396,9.566324,3.364086,18.920607,17.943502,11.527987,4.373317,6.169503,7.546511,17.961576,24.353271,18.768103,9.809938,11.361635,9.923223,2.897723,17.655102,19.187605,10.907564,4.947329,5.071991,-0.180819,16.673435,22.890755,17.532570,10.999411,12.862496,8.611227,19.016048,21.211018,16.061245,14.681116,12.224736,9.592863,4.154231,15.929291,19.398014,12.416965,12.106981,11.658030,5.232396,19.366442,23.574707,15.793512,4.742210,5.281734,7.345613,14.510956,19.927452,21.689081,16.879017,13.248480,5.352415,10.790985,14.266613,5.468065,8.612578,9.901354,9.925659,9.766927,8.329597,19.150835,20.425705,15.609674,14.240305,-1.580307,9.461761,18.645834,19.178455,15.450868,15.706295,12.651829,4.117824,14.623504,21.995161,18.991758,12.207073,13.430696,3.965266,9.510230,23.742210,22.918089,13.594254,14.821743,4.250371,3.750346,12.496702,18.923700,13.180961,11.560220,16.509493,11.005058,9.489689,19.651314,17.699520,2.165518,13.152865,10.345802,-7.021797,20.522091,21.451426,8.202640,8.094175,7.026483,13.807054,18.256758,22.355377,16.177851,6.279695,11.295599,-15.483856,19.030718,25.882320,22.803917,9.717635,14.135903,11.881578,1.355858,17.896734,19.594112,1.979044,9.237337,12.207880,11.669315,19.017134,22.407263,17.554825,8.520236,16.002098,19.771133,13.870707,22.566301,22.664722,6.924638,8.548853,6.146805,13.213566,24.891026,29.950039,28.409897,19.971970,1.082827,27.658377,32.035671,43.548347,41.877762,31.304649,32.287010,28.107738,43.111816,56.894592,57.495575,45.401913,42.302826,35.170914,33.582752,36.505974,44.588242,40.168690,25.189344,21.346800,24.477537,19.668976,28.240528,28.960955,17.684423,6.226437,9.123781,2.162978,24.675140,27.647764,21.809113,13.402893,1.383204,15.220976,17.753624,12.013989,14.397283,15.678968,1.743611,8.523189,6.702229,17.765068,15.330702,8.949200,6.436285,-7.611560,10.652092,18.686550,19.516748,17.114933,13.196635,9.394606,11.248460,18.325550,26.418093,23.306067,5.936147,1.372013,1.719383,-1.345669,14.058026,16.021120,8.476994,3.141817,-7.576012,6.043399,20.328983,24.453382,21.326780,15.518301,9.793975,6.194253,13.576325,19.527658,17.770878,7.588252,-6.339374,6.919130,-1.355536,20.369377,22.258530,12.318262,7.880404,6.689631,1.859967,14.233579,18.779837,18.079588,15.616590,10.204483,10.954093,8.704914,21.073322,22.012709,12.858610,2.956159,8.446100,7.278015,13.667128,16.678507,7.646230,6.834244,3.977333,-15.712179,9.060402,14.188919,5.693920,7.083621,11.256868,-12.101271,0.133982,18.143045,19.361031,15.426618,11.168165,5.185916,-3.715868,7.429359,14.124592,11.988378,12.374479,8.871969,7.121050,7.507808,16.645790,13.599531,8.102927,2.807060,7.302312,10.777357,10.659220,8.426987,9.476682,13.642988,9.874573,5.109680,5.811081,13.878032,10.108119,2.557763,5.361252,8.121063,1.452722,-3.551377,5.830956,-1.588015,2.932262,-19.034773,4.211104,0.378334,3.153802,0.028812,9.312886,7.389788,11.941069,12.208426,11.665364,10.979167,-7.659207,-3.024575,8.686847,8.548436,3.584311,6.760504,10.461520,5.820265,7.305364,9.000565,0.717705,-4.815218,8.462479,9.319160,1.304708,7.231872,2.734494,7.703087,3.423477,11.051516,8.122987,12.583334,12.573856,6.106255,15.445526,10.580348,3.313126,9.370518,14.416566,12.604798,-2.354561,6.400455,7.128401,-5.369252,11.062023,3.257222,7.261047,9.372697,10.330161,8.791724,8.303006,11.200485,9.703206,-1.941996,8.107232,17.151505,9.651267,10.818779,10.042973,10.144395,10.195314,12.852295,7.143250,9.112629,-0.102835,-0.673722,12.896936,5.285425,12.264943,8.031324,7.088757,6.003411,14.989930,17.452168,20.836811,15.282619,6.985201,6.985622,3.521703,6.449685,2.653651,4.684970,10.070612,8.952476,7.323123,11.166210,11.807714,15.574865,10.768825,10.454675,16.815956,15.266539,15.679931,19.574005,17.777960,3.014878,10.459854,16.332447,17.371347,20.243456,20.753782,7.112978,4.617910,12.390203,15.376226,13.769971,20.775581,18.932135,20.355579,18.559568,32.071926,37.789375,39.004730,35.700336,23.957815,36.574471,43.113716,48.909607
[0;32mI (5810) ANALISIS_ESPECTRO: Frame exportado | t=5.16 s | pico=2000.0 Hz | 57.5 dB[0m
SPECTRUM_FRAME,6.181986,2000.000000,58.189751,hann,512,29.172993,43.883739,44.780853,32.830448,27.692242,42.975845,55.745575,54.285374,34.446342,31.870770,20.691315,23.638184,44.824505,48.021641,38.859741,18.326862,17.528440,0.023881,33.796162,41.628326,37.598988,17.975843,14.099007,11.227818,20.407629,31.831577,32.117981,23.141899,13.335347,13.963475,13.996715,20.437340,25.970079,18.350607,9.785562,12.295660,-0.861629,24.995174,35.172066,32.562149,7.692799,14.069664,7.393537,14.943998,35.850006,38.151695,26.903620,12.223653,3.798696,3.153339,24.993078,32.396099,28.028706,13.502206,-5.373029,5.051458,17.419437,29.965498,30.624123,19.942060,3.555148,4.655480,5.581693,29.207767,32.799980,24.435307,15.849554,11.907034,11.779623,23.426798,33.455616,29.796490,0.465581,5.167463,10.681487,2.915475,24.588003,26.199459,14.384005,-1.738219,6.545968,10.697952,24.308329,30.262634,25.387802,17.783035,9.991947,12.272305,15.654302,29.938051,28.581539,12.131356,3.952693,9.227479,1.334255,22.109262,24.844725,12.849035,-4.443671,3.134431,11.822414,11.862772,24.379389,22.450619,10.477844,-14.134851,7.239525,3.614565,12.125093,1.453128,16.128988,3.289758,-1.930244,9.626076,20.137386,26.496777,20.143768,4.041432,1.898466,4.664289,13.021336,19.758665,18.164707,8.659403,12.896338,9.967270,5.278437,23.391371,26.213882,15.233597,7.546510,9.082108,10.813051,10.103546,20.651865,19.142281,7.195413,2.098622,11.462335,6.065115,25.216980,25.362465,12.400113,-11.580268,4.665756,8.357508,13.954565,21.525576,12.293509,8.381074,2.224539,6.914295,8.366463,22.751562,22.468912,8.049534,-1.828701,2.719889,-1.010441,21.578476,25.311600,17.060455,3.254448,3.875348,5.707555,15.464128,22.693771,17.861023,4.763003,6.322024,-3.282026,8.184349,23.652582,23.354883,9.336484,12.004957,2.739921,7.761469,16.720909,23.635675,17.524784,-7.699931,9.603365,11.500443,19.555899,27.574110,24.988672,-6.703827,12.386394,2.555285,2.879933,21.954042,24.494850,13.114227,5.352178,-4.626190,0.574885,19.994644,26.596474,22.355171,7.731247,9.388236,11.165113,14.088345,25.006672,24.570780,11.845384,4.184560,5.271764,9.987017,20.714893,23.964619,16.495134,5.392127,6.313636,9.723531,9.097866,25.205761,22.633133,5.939063,0.272858,5.649004,-3.661347,16.005854,16.187904,2.492097,10.954028,14.595966,8.073095,16.808159,24.229670,20.081062,10.454779,11.713252,10.251945,19.052681,26.536751,25.469883,17.661150,17.582884,17.693932,13.788221,26.803257,30.573620,20.249594,17.991697,5.529273,26.571945,38.257286,44.304832,39.978569,13.406006,29.064613,23.254696,41.455807,56.645073,58.189751,50.141102,39.026447,35.555298,29.555788,38.642994,43.141254,34.117325,29.949284,27.258133,24.870869,18.635672,27.082848,26.443548,19.835285,17.694532,17.837517,20.714703,21.899374,26.055462,20.175808,15.091982,10.741924,11.076318,7.786850,4.994540,8.931922,13.837920,17.863474,17.127703,16.996790,15.174168,18.101444,8.709904,4.949736,7.722218,9.379537,18.684923,23.854933,17.509514,10.363078,11.763583,-0.279698,15.328813,25.141151,23.607037,13.138876,7.048492,2.135777,3.133950,17.866274,22.260857,16.061005,7.563890,5.821050,9.883142,16.789351,25.039082,23.111784,8.154743,1.557919,-3.337670,10.364082,22.006197,22.196453,12.338497,12.008363,14.397123,11.059452,16.678066,21.382084,17.442268,15.739099,12.954065,9.276616,8.457192,18.763496,18.532349,11.456392,-43.419170,7.327529,9.234204,22.698914,24.113327,12.065050,10.658784,8.940742,6.374344,11.462362,17.896568,18.886024,13.496468,4.127619,2.096562,3.974715,18.933746,20.015850,13.227598,6.261825,6.957354,-3.049102,14.481579,20.289061,13.490517,5.982894,9.511628,4.976099,6.209842,15.765499,17.321533,10.525694,3.253767,-3.579745,-8.162534,16.197014,21.388283,19.130161,10.893045,2.776599,5.404146,11.949566,17.851992,11.855305,6.119276,6.905230,0.982436,8.404871,13.996317,15.806407,11.771645,2.774614,2.499182,7.698185,14.375825,17.890057,9.727379,8.576475,-3.832338,6.589536,11.451757,17.374485,18.714182,14.537297,10.918533,7.286200,12.383673,2.140459,12.318505,6.768923,6.130249,1.244987,5.863796,-2.967913,11.820833,12.366734,4.267224,4.509847,6.608389,8.892552,11.067253,9.736567,11.738184,5.685249,-4.573466,0.341254,8.321118,15.373795,15.840643,9.433690,5.985898,9.850395,12.468689,15.479369,16.938551,16.413677,10.383762,-3.801762,0.809309,4.198053,2.344765,12.218607,11.283892,1.100489,7.566958,-3.980830,9.297560,11.563066,13.776279,3.173380,7.590914,12.816104,11.468343,13.558146,15.089263,-0.345547,-8.040208,5.634420,6.673265,4.945109,16.228958,14.291187,6.830313,9.341303,4.877787,9.438326,9.203498,11.549337,9.218204,3.683292,2.995672,9.408950,-0.570302,17.058622,5.721708,13.263910,2.337728,2.777256,9.823652,16.730495,14.846963,-0.369845,-0.301523,9.102045,9.904822,14.746361,17.033697,6.727343,13.415074,17.254187,11.852169,10.253761,6.211730,9.259719,6.055145,1.019294,13.048621,17.368114,14.296196,21.641750,17.731140,16.960508,15.311766,13.219597,12.236883,19.503263,21.466501,21.038267,19.595930,35.157261,36.773361,30.705963,34.137417,26.273367,37.349571,34.503460,48.447212
[0;32mI (6840) ANALISIS_ESPECTRO: Frame exportado | t=6.18 s | pico=2000.0 Hz | 58.2 dB[0m
SPECTRUM_FRAME,7.204344,2000.000000,57.345825,hann,512,36.371723,45.099472,45.470387,36.576050,18.584187,44.746048,55.459251,54.225239,40.902245,23.013659,25.286238,29.201067,44.943104,47.734646,38.006939,21.658348,13.563109,11.129143,35.123070,42.600895,38.357330,12.949847,14.905262,9.940347,20.487688,33.742432,34.578716,24.687508,9.035882,13.259444,20.087891,24.090408,27.461285,21.530106,-0.866615,8.344011,14.548952,24.881546,35.313560,33.986500,24.379753,15.194475,8.330652,24.313164,37.447792,39.003407,29.103344,1.431653,14.442177,15.254961,26.790901,32.551674,27.470104,18.234653,15.889196,12.070562,21.703976,31.106577,31.086302,22.657578,14.956908,10.252657,14.574537,28.766909,31.864367,23.645817,6.431746,0.025528,3.716162,24.862038,32.634037,28.331020,10.232571,0.876564,-1.361564,13.444483,24.963139,25.348806,14.323097,10.157173,9.329664,7.197216,19.821594,24.978828,20.386349,11.736756,5.258268,-2.786335,18.109901,27.399113,25.069302,12.180410,7.961705,2.637334,4.424669,21.356117,20.407942,15.386518,18.208736,11.817158,3.273163,9.061811,15.887026,16.971128,16.261841,7.847825,-1.724053,8.878136,20.837336,18.156208,9.573843,5.004553,5.489654,9.361850,17.981825,18.972206,9.685973,8.028799,10.399984,-2.827728,13.287735,19.036648,18.172668,15.079430,8.524499,5.140325,12.192183,14.024314,10.527186,8.219147,7.091227,2.072490,10.592122,7.642659,14.566498,18.366529,12.734584,-3.037558,-6.147362,-7.129304,7.146142,14.124169,9.291669,15.239009,13.998350,12.043682,22.075605,23.327671,12.240068,1.303073,3.211899,-1.299191,8.072266,19.138676,16.695679,9.263972,9.678198,1.880991,-2.225437,12.678002,17.005644,15.165993,11.962847,7.471704,5.096210,14.670710,21.330498,16.500238,9.656948,8.518488,-18.712418,5.194696,-1.333575,11.759729,11.485146,11.389199,1.644964,-13.324747,15.180939,20.804581,12.865272,0.776525,11.522696,12.519295,13.858194,23.881338,20.916349,7.471382,7.911353,6.737282,7.528083,15.967879,20.791197,13.642042,6.818295,3.961044,5.461186,14.349141,20.901146,16.032145,10.910044,11.414880,9.425479,16.790993,22.378609,20.464886,6.356984,3.884301,13.657000,15.856359,15.979686,25.564344,20.612869,6.464595,6.050519,9.549193,16.121220,23.816647,21.731628,8.065233,1.611508,2.483357,13.164697,22.091970,21.772923,1.223761,13.325614,16.238548,7.623907,11.077256,22.038914,20.389540,10.115788,6.864728,14.354118,-6.328172,19.050043,15.990622,1.444931,16.312469,12.642461,16.484295,23.143835,25.811014,22.292160,22.691570,22.068214,30.561260,37.344406,45.102619,41.975639,32.111301,31.059486,36.853180,37.597927,56.577797,57.345825,43.896221,37.729561,35.735474,34.885399,36.887829,43.326202,37.894855,32.464661,29.726152,26.072197,23.666531,30.848639,29.197937,17.050545,15.261737,16.813831,20.005295,21.256189,28.165482,19.970491,3.329801,3.280128,2.762480,15.266327,18.715038,18.253529,15.058203,10.249863,9.256007,8.040919,18.635853,18.067686,0.325996,-11.651725,8.864557,9.846851,15.932861,22.305439,17.268276,8.077340,8.107582,9.502615,15.400705,25.997877,22.111324,11.527805,11.854815,9.983730,-10.789329,13.526282,13.994452,13.936504,15.378807,8.189172,12.395231,14.065725,23.095619,17.999273,11.353339,4.984326,13.330970,9.331343,17.994455,16.483513,9.818515,8.176991,5.441017,0.811242,21.370985,23.409300,4.744031,11.235782,5.982838,10.711161,5.861547,16.655943,9.222399,11.053761,6.618729,7.284803,13.038325,20.954123,20.268311,9.232120,7.924830,2.570572,-3.747724,16.020409,19.116013,8.014938,5.328856,-3.745928,1.084658,6.917654,18.510382,16.758316,1.351634,1.421369,4.541399,8.232370,16.417387,17.104527,2.367206,7.866004,12.855257,13.606552,8.984307,12.766900,11.957521,11.252428,8.531505,7.040997,12.916346,20.842590,19.296669,6.677722,6.414452,-0.583482,0.101629,4.966703,-7.787552,8.738442,11.083331,5.451393,-2.885927,5.195143,12.864140,8.366595,7.179470,7.964687,-0.444355,2.626487,12.469335,13.906132,4.203277,-19.655264,-11.095037,4.147420,9.074966,2.836291,5.375123,-10.262596,12.105724,15.598291,13.114492,14.044859,10.596942,8.181877,10.477894,10.304646,9.113737,12.597467,11.145164,9.699407,8.565436,3.106937,10.856000,7.636354,9.987276,7.127204,-11.434770,4.915379,9.346706,3.038807,7.604160,5.643387,-8.493583,-8.476385,5.150232,9.819206,13.516485,16.322153,7.763881,6.240688,-7.378541,5.773668,11.702574,13.050087,10.389580,9.715170,10.780129,-5.830589,12.464067,15.878119,13.244009,9.726829,10.119354,9.505381,3.410928,8.936129,7.831817,11.425711,15.100176,12.665102,9.158114,4.518891,8.648671,16.700951,18.407766,15.634304,14.820925,14.429865,7.778902,7.489895,11.208076,13.421532,12.986697,11.912495,12.825745,19.383568,21.696737,20.701286,14.872627,5.917594,10.235940,10.554338,11.410761,15.208588,16.604832,15.255972,8.189304,6.364580,10.031585,8.227084,19.304119,19.835743,13.599629,13.450118,12.770456,10.148647,6.174248,11.286579,11.072876,13.701633,7.005892,8.726208,21.958275,25.279131,18.738901,15.763541,12.839175,15.676164,19.313343,25.050102,27.563913,26.004181,26.624708,35.946205,38.608509,36.447071,34.818153,20.865908,36.846283,45.000500,50.012302
[0;32mI (7860) ANALISIS_ESPECTRO: Frame exportado | t=7.20 s | pico=2000.0 Hz | 57.3 dB[0m
SPECTRUM_FRAME,8.226716,2000.000000,57.287296,hann,512,31.507290,37.080395,34.672600,23.450520,10.881369,44.352638,55.557613,54.090302,36.443859,26.753593,23.850655,13.849403,44.540771,47.943611,38.817837,12.832457,13.960186,13.030500,33.780979,42.238190,38.045090,14.515735,-6.304365,10.160617,20.406591,34.874256,34.998867,18.101593,16.616665,7.709781,5.537622,25.508081,30.171118,23.084242,11.431705,13.963176,15.630269,26.020718,36.108498,33.747856,18.673332,6.582789,4.376740,14.241224,36.250095,38.793892,28.347132,12.479496,4.594058,5.507183,26.912407,32.681664,25.930134,3.440902,8.612106,11.674801,18.897585,31.917175,31.183531,19.303928,15.043781,13.911077,13.749083,29.224487,33.035587,24.122929,10.605621,12.145124,15.774207,25.941713,34.899273,30.943010,7.505826,-3.668582,3.287511,6.659448,24.990486,26.575115,10.156079,9.245997,-4.207451,4.898749,23.260126,30.315245,27.797886,18.145042,5.674681,8.694096,17.399710,29.981958,29.129581,14.934431,7.922494,5.682467,3.083301,18.328922,20.472313,18.178703,9.276711,-3.020868,12.770092,19.060959,20.575106,18.868715,17.487755,-3.269803,6.364694,9.704743,25.599178,26.934334,22.261433,13.491983,-2.850457,19.462788,24.028896,20.154993,11.616327,13.600531,6.686441,14.657298,24.679413,37.184223,36.238720,28.421722,23.130838,26.717653,31.173325,42.533802,47.075150,43.317379,36.475365,26.029186,20.106709,27.645788,35.502968,35.165668,29.445894,20.074821,13.741469,12.436761,19.094641,19.762289,15.655008,16.408096,6.068948,8.361938,22.205750,24.693624,16.390209,14.688404,6.786220,10.819310,17.250862,25.010483,21.200108,10.392897,10.171013,13.369937,16.024429,18.063896,15.823828,16.779819,10.357280,1.959644,9.220612,10.399120,20.336798,15.475389,1.176309,4.311670,0.572216,5.578351,9.811432,14.750166,12.658969,5.503006,3.486154,4.713274,4.498085,13.151039,14.790430,5.244410,4.259543,7.823469,2.700389,20.798691,21.685255,14.975807,9.280433,7.135051,2.397682,9.304046,17.872221,13.069443,3.245035,-1.883794,10.809068,9.657269,17.736853,17.074755,6.349623,12.322842,10.679940,3.265587,18.829678,21.004637,12.643723,-9.862168,5.537255,5.800582,16.699392,18.693327,3.153116,6.530521,-3.582657,2.499372,16.272486,24.711159,24.103710,15.691851,-18.563549,8.517657,5.715467,14.700691,19.434460,13.970790,4.126806,-6.730570,10.658875,5.324484,17.561895,13.106751,12.244559,12.515726,5.590210,8.940611,18.414845,19.162439,11.497021,8.128100,11.574875,16.933300,21.730310,27.516516,24.617598,16.653980,5.335662,21.529945,32.406036,42.770775,40.468746,31.908043,25.577375,33.303467,38.248363,56.038708,57.287296,47.199303,37.458519,30.716251,26.335833,37.896152,43.558578,39.458939,29.115046,18.181547,17.447151,16.462742,29.816868,28.455021,15.011692,14.766370,9.010031,6.436321,24.051905,28.168943,20.554916,6.233701,-19.098183,8.136789,4.372568,10.876564,10.602015,3.965950,12.295423,8.797368,3.274410,17.728262,18.940807,13.927336,9.033935,-4.699311,5.196638,18.389793,22.211372,16.994398,-1.530577,4.460721,5.378151,14.484133,26.136248,24.751934,13.198214,-0.851683,0.101341,12.262162,17.764643,16.606405,12.152061,12.834048,6.720481,10.977919,16.821688,25.106642,19.018881,4.908717,0.713437,5.237319,12.872204,21.848198,19.359209,-1.794044,2.392081,4.221437,9.893120,19.430336,21.313812,13.307465,10.220987,13.069038,5.464855,13.313819,22.235167,20.478687,3.523215,6.920012,7.513896,11.323782,20.222837,20.648624,12.122240,14.527300,4.596061,10.658358,15.671934,21.375751,12.287368,13.408347,6.184017,2.064835,-2.301079,13.746451,7.663265,14.478519,13.439104,-1.044444,10.279931,19.056126,22.601231,18.240091,16.746349,14.184095,13.047497,13.195917,4.524409,7.014424,14.055233,12.284256,8.107531,6.723618,22.633205,22.193853,17.645063,17.616653,9.105673,14.942400,12.347500,20.392019,20.832708,28.142189,25.216152,26.816502,35.350548,45.958511,46.951370,44.738289,38.440578,18.309864,20.758575,20.677704,20.265463,24.683359,24.334145,5.262851,2.551529,12.013450,19.841839,16.012451,7.976161,14.705953,15.241524,14.619514,19.879189,20.835369,14.343576,6.222013,3.206220,9.327729,-11.861906,17.657969,15.903805,10.046478,10.430932,3.215809,4.275858,15.106040,9.570893,7.963530,7.584007,10.268212,11.244940,8.608530,14.103154,16.941116,15.454737,4.022670,3.313055,16.029430,22.105028,18.295612,11.683078,7.491369,-4.620922,3.697542,9.945439,8.902193,11.919643,12.305646,7.291622,3.529828,14.208728,19.771317,16.125269,13.529207,8.093765,0.274821,4.675271,8.977097,2.564793,13.942986,4.846004,-2.144197,3.732764,11.328039,9.801530,12.993208,14.834118,4.040727,-12.179398,-1.562852,7.144456,7.975143,2.818756,7.120667,7.063733,1.726745,15.555946,19.678423,20.243683,12.461215,10.406466,2.520449,11.346848,14.332064,11.519775,13.871450,12.554640,5.592202,-1.611032,3.428960,13.883386,17.108982,10.731601,-0.736299,-0.795344,-2.549493,9.545947,13.691685,0.141137,10.047779,9.635839,-3.781478,15.699839,21.443521,21.528179,8.592547,-5.637793,11.131863,-0.676336,15.733133,21.957699,17.901066,19.698193,19.182226,30.827763,37.387959,37.320240,33.676048,23.542879,28.621567,34.640549,38.396267
[0;32mI (8880) ANALISIS_ESPECTRO: Frame exportado | t=8.23 s | pico=2000.0 Hz | 57.3 dB[0m
SPECTRUM_FRAME,9.249070,2000.000000,57.312881,hann,512,24.078381,26.309792,32.461735,27.066761,31.158302,42.717644,55.376221,54.048538,36.630371,25.931313,9.157638,26.877190,44.622620,47.909523,39.476208,13.984379,8.296865,13.405972,34.864117,42.436558,38.097557,10.235362,15.782942,5.777069,22.301256,34.040073,33.561523,8.775163,18.232471,12.058764,15.591687,22.382059,28.572212,19.980885,16.125309,4.256072,5.987077,24.935020,34.544868,31.356876,11.485701,7.472744,9.402756,19.261738,36.983395,38.782585,27.500072,11.972458,-2.992689,0.595893,25.225456,31.491413,26.012894,8.143441,-8.501575,6.263829,20.950058,29.792383,28.108486,17.473366,11.714212,2.055964,-3.797374,27.424831,30.691219,21.772205,1.056008,-1.543256,9.654898,24.561604,31.891712,28.256819,8.254872,9.657394,-2.308228,9.984832,25.079489,25.533012,11.718221,10.337733,4.548401,10.423688,17.196957,14.903927,18.476006,15.785307,10.970096,7.649477,16.156700,25.109013,20.768415,12.396239,12.805805,5.824427,15.552192,24.362217,26.510860,16.899376,14.336151,10.745531,17.781744,19.170815,14.128861,7.613501,8.464271,5.994491,6.739123,6.880276,21.038521,25.729292,21.562305,15.891610,16.707769,21.362421,24.646191,24.337296,20.343390,17.018436,12.416531,11.750188,26.404772,36.478436,36.812325,30.806068,17.016207,27.355644,32.702488,41.591259,46.605038,39.661312,38.310284,25.018816,16.433292,31.250074,36.894012,34.831383,30.364002,22.330441,13.714910,22.083912,22.998953,23.869473,9.374249,17.366669,16.104652,8.396609,18.972515,22.547821,23.371408,19.884605,10.400261,10.527382,11.091303,18.057568,15.160194,9.876419,12.000931,10.491194,15.956697,20.378101,22.971550,16.992216,4.855729,8.756816,5.918246,15.465274,22.968315,17.636976,11.195013,11.764812,5.342073,4.859721,18.892597,22.469902,16.416843,4.657360,6.524150,12.028571,18.032776,22.585001,13.192892,13.127332,8.989923,3.149433,17.671646,25.675785,23.504295,9.778607,11.365066,0.421549,3.989407,17.880005,21.526463,11.418418,11.196877,8.247419,8.884056,8.510897,20.595715,15.819101,14.265414,13.753900,12.713303,16.132637,22.544243,21.809467,10.101791,1.928720,8.849695,6.145579,21.341877,26.084253,18.303343,9.122719,4.405030,9.583773,11.335915,23.463991,19.553253,14.505582,16.551311,11.486058,3.816751,17.968712,18.447582,3.707103,-7.565666,7.994516,7.529602,18.988792,23.487934,18.905527,3.883839,-0.723334,3.556236,0.894609,17.342833,19.016737,9.875073,8.528899,12.887638,6.832647,21.615812,28.667915,24.342972,15.220318,8.831220,22.056213,34.274765,43.331738,37.915028,25.654053,23.291721,31.821774,42.723404,56.169716,57.312881,47.959171,34.248425,31.860081,27.536522,38.109211,42.793163,33.805885,31.282995,19.442604,13.936706,18.434277,29.568363,29.743618,21.645149,16.080168,12.098308,15.617359,24.853252,27.053951,15.193239,12.931746,7.184409,7.310311,8.356100,10.321499,5.207134,17.306522,10.602367,4.627924,13.239990,21.269211,21.258720,13.408659,5.151465,9.144166,9.352759,20.720833,24.285835,9.630155,15.493497,7.654986,9.543177,16.504841,26.936317,22.412472,17.281984,11.931272,-7.304066,-2.445145,11.869490,14.740902,12.360383,12.932499,3.971448,3.557261,19.021814,23.360004,11.003496,13.602228,4.262424,-2.984797,6.435075,18.082964,15.118736,11.800398,12.210665,5.815473,8.102971,20.860155,23.054123,12.608232,15.099798,-11.581631,-4.898739,13.269683,17.319075,-2.548304,13.695477,3.306021,6.382568,10.198193,20.005684,18.002865,14.849266,14.666719,10.278040,11.049266,16.766718,19.760094,7.211312,9.651338,2.264774,8.360581,12.230597,15.466324,9.625307,15.839252,14.073380,6.227021,2.777133,13.432527,14.634285,12.023088,6.603240,0.860093,2.483468,-0.345034,10.759933,17.920368,17.058277,13.821577,15.391206,17.152311,21.866304,18.228508,14.170395,16.031734,9.637027,19.755733,22.021334,24.640480,25.030386,21.775572,20.778009,24.844109,30.806639,45.728260,41.555626,44.115223,39.336258,15.220024,19.631493,19.476908,19.012520,25.733833,25.488617,16.123255,11.846351,17.351986,17.190731,16.641327,10.729209,5.614561,11.395588,11.908685,14.551362,16.716591,13.801266,12.156352,4.740061,9.399487,3.529259,11.209835,16.322130,12.664330,2.937467,11.907700,9.385013,5.379951,10.702013,16.340591,13.393162,12.216067,13.890139,10.708938,4.660861,0.902406,1.841739,1.519199,2.834936,11.010612,12.036132,11.457881,14.771622,10.604126,-5.633330,11.409173,7.904312,7.017588,10.937733,8.962779,8.140048,3.955996,5.885913,8.941948,7.794075,0.365334,-3.578751,4.667312,10.091487,11.615977,3.808135,1.797900,0.657347,-12.506923,-1.460898,10.266839,11.792726,3.472227,10.171214,5.828023,1.622202,-10.432165,4.744481,14.056002,13.437166,1.772349,4.478583,-1.150753,11.899445,12.239536,2.305979,6.876108,6.296767,2.802453,-8.620285,7.351409,9.905569,6.762302,5.859952,2.801157,11.459603,16.768181,11.914763,10.198582,6.294413,4.458951,12.161562,16.652054,15.100510,15.302173,14.557278,9.858936,10.472178,13.478832,15.168411,13.158529,23.021109,15.526771,13.126532,13.555745,16.547939,19.926117,20.939352,3.425267,13.215465,23.171608,35.151131,36.042160,32.603325,35.936920,29.962269,28.854172,31.239620,42.477715
[0;32mI (9910) ANALISIS_ESPECTRO: Frame exportado | t=9.25 s | pico=2000.0 Hz | 57.3 dB[0m
SPECTRUM_FRAME,10.271433,2000.000000,56.563347,hann,512,30.947952,34.035221,31.670658,24.127523,29.611843,43.628155,55.721527,54.560200,39.401825,14.533920,18.659498,26.299753,44.931183,48.206829,39.079742,18.775192,8.083107,9.227750,34.113499,41.799507,37.881989,19.837261,9.099428,7.776217,19.832092,32.875313,33.240517,23.977926,10.992990,10.380925,13.101360,24.443512,26.885519,15.917068,7.446265,11.812811,12.536679,25.708076,35.108513,33.639061,21.239450,10.588040,10.719244,19.694092,36.638840,38.702415,29.657621,7.817235,11.877451,11.734614,25.401926,31.427202,25.485456,12.631369,11.876736,13.342669,22.541557,31.358791,31.098984,22.267113,9.574610,11.868118,11.885431,28.100437,32.058640,25.911556,11.960149,7.838803,12.662382,27.659111,33.962368,29.954601,14.376698,10.887346,11.813519,16.238192,27.158129,27.677181,16.819036,-0.203999,6.028889,12.173876,25.056889,30.323866,27.289120,15.155545,11.681594,11.346224,20.965157,30.528587,29.530592,19.198364,3.061478,5.090827,5.778727,19.709499,23.497784,20.627460,16.636395,14.798109,16.842388,21.094925,25.031624,19.367331,17.891697,14.786175,8.696916,15.376879,22.897190,17.203379,17.801704,16.499496,9.267148,18.783915,20.322706,29.494284,23.469517,8.138012,14.230709,20.505646,28.019657,36.964958,34.168297,23.869293,26.678247,29.231749,37.093380,45.091129,46.317207,32.442001,38.526814,21.650845,25.211212,31.644306,37.466251,29.677292,28.752911,24.120474,19.352636,17.474434,27.566669,28.604752,23.419897,17.430260,10.798936,8.622416,23.396330,27.269476,19.168135,15.130433,11.457819,-1.137545,11.708131,22.882471,21.164646,13.009266,9.033043,9.061040,12.205831,18.771008,23.490482,12.152100,5.266205,5.871879,4.463815,16.767950,23.386934,17.808182,7.769965,10.922649,17.376282,15.996046,26.363878,26.009712,16.168091,8.264960,8.554145,9.731871,15.713655,21.143295,14.561234,8.393600,-10.281343,7.905616,17.405317,27.354443,25.295164,8.863157,7.313643,1.251939,1.454862,22.324039,24.928665,17.011940,10.457878,0.953187,6.702885,23.024040,27.941856,22.347610,11.601354,4.123838,10.768764,14.440184,23.711069,23.525738,10.610513,-2.559660,4.732912,10.555354,19.648809,24.225521,16.600163,7.817391,-3.719382,8.867955,20.349138,27.489246,24.961952,15.959192,14.019036,13.486505,13.793038,15.214950,11.025132,12.154993,16.282593,14.656411,12.082365,16.445429,20.204441,15.932241,14.037561,10.717111,11.776512,11.347762,22.083590,22.069248,17.162331,18.014536,13.593455,16.061611,27.596611,29.758560,15.876385,22.353958,19.731979,12.753276,34.743839,43.209885,39.062592,28.288906,29.727150,33.798824,44.213863,56.309097,56.563347,37.338936,40.976467,31.679157,29.799892,39.220779,43.656658,36.974052,28.161201,17.437717,20.140686,23.602600,29.435312,25.892326,18.338619,18.617739,16.651379,19.866539,26.279369,27.804359,16.276590,1.716608,12.158884,11.500587,11.076903,11.177414,11.257874,9.978664,8.687573,12.190125,15.117727,17.125916,16.562223,7.939967,6.171017,9.144938,4.790760,12.000046,18.337839,3.143922,11.312381,6.943941,6.666017,18.740803,26.380093,23.687346,4.403157,6.014155,4.383798,9.555256,11.859578,19.405857,11.417963,-5.309987,-0.524403,13.706212,16.621265,20.981283,14.215294,6.102952,5.223258,11.205633,11.461425,16.442812,16.081924,7.124930,12.602035,7.605612,4.947631,18.643589,23.001478,13.626236,7.836908,8.643005,9.305737,11.474873,18.113762,16.934202,4.892512,9.317988,4.611179,0.631404,20.086529,23.010187,11.772640,6.354393,1.320880,5.729196,4.362216,15.198321,13.059719,4.807185,2.743503,5.898798,3.366861,8.775658,8.482470,10.788979,10.378413,10.952810,12.178149,17.710516,21.793083,7.849140,9.717278,-10.970873,-8.479383,6.580468,16.988823,17.618505,21.270960,19.875702,14.531936,8.488377,5.520667,15.138636,17.424124,13.265528,12.178935,14.926065,20.104158,15.034276,23.094492,26.811394,23.226168,27.732731,33.578892,45.480312,43.983402,45.465282,40.879875,22.348738,20.174816,24.317879,21.452587,23.206194,23.888428,16.231421,17.034895,11.526990,18.196651,17.085573,11.598537,-4.616771,4.446629,0.409640,14.319511,18.815626,16.389709,12.927709,3.020651,5.354236,13.432592,15.294160,12.323810,13.388881,11.896844,12.144399,0.013047,16.590559,17.608768,8.665814,11.848950,11.248130,8.925040,9.931637,9.759173,14.933342,15.143887,6.473432,0.162297,10.322044,18.488817,18.088753,13.448156,5.687902,-7.888918,1.872965,6.029320,10.181479,14.740561,10.167953,6.508383,-1.205582,11.218920,14.885412,12.940726,10.462687,1.063696,-4.511671,11.376500,15.769880,15.096489,10.219742,6.951225,7.214205,4.031008,12.790647,16.309240,17.851034,13.689103,11.328839,10.165362,12.788648,16.639593,14.764389,6.929872,1.339819,-3.197519,12.392422,17.005642,17.293718,18.635077,14.081699,4.676908,1.294696,11.410976,14.291592,11.191107,9.844557,6.773884,8.283049,5.461424,13.203854,15.921543,14.284458,-1.378693,-3.635717,9.725705,5.582705,8.246368,14.698017,14.766415,12.821426,12.652288,15.188263,18.329767,21.388844,21.540060,13.451183,12.023988,11.445518,15.818295,20.616732,25.275089,21.856691,17.022684,23.889683,33.461468,35.026432,34.058914,34.826393,24.901295,15.599889,36.716152,44.772041
[0;32mI (10930) ANALISIS_ESPECTRO: Frame exportado | t=10.27 s | pico=2000.0 Hz | 56.6 dB[0m
SPECTRUM_FRAME,11.293791,46.875000,56.056538,hann,512,27.853067,38.658665,37.257492,34.202217,20.605526,44.783482,56.056538,54.915222,39.793488,15.582299,26.469175,27.608574,43.781479,46.831059,36.732880,22.359201,14.229506,14.866824,35.359882,41.869816,36.299660,14.869336,15.698938,17.243217,21.236631,33.333710,34.515797,23.932137,5.571999,-1.002420,9.121115,26.534222,29.391609,20.964315,5.379300,15.388761,15.911720,24.265402,34.189125,31.197361,3.771842,13.618264,8.761656,23.566971,38.284534,39.509651,26.777573,14.360401,-2.116316,-0.496318,26.669289,33.605362,28.193493,12.904070,16.172815,11.983913,19.626921,32.982613,33.784092,22.999531,9.747488,5.470562,9.600533,29.730160,32.883659,22.371349,14.739098,8.570597,12.254968,27.374653,34.741817,30.309811,0.584147,11.846960,10.102057,14.652228,28.379139,29.085798,19.248886,12.073187,10.820209,14.479897,26.314266,31.254175,26.955187,19.838427,10.645108,11.199223,21.399261,30.900223,28.480843,10.617685,7.136963,8.862386,12.510429,18.552412,14.135752,12.425194,-1.548582,6.640048,8.162269,19.922302,22.113161,16.989182,21.974802,20.596514,14.421391,14.677031,23.036785,18.073353,23.625374,18.110325,3.150227,14.679089,16.682905,25.831905,28.235092,25.205540,26.268995,24.557056,36.356190,44.900089,44.932552,40.599991,37.188324,34.972015,42.983582,52.314507,53.456970,46.671200,34.442451,32.304840,35.317387,41.045208,45.226059,41.980080,32.390350,27.885693,25.946461,27.984188,32.882229,30.833063,13.099065,17.001717,13.900824,21.752651,30.820152,31.422695,25.795494,19.449785,13.059960,15.089931,15.020624,14.923429,18.997551,15.006777,13.058456,4.890382,8.873446,19.782743,21.924982,11.278660,9.873963,11.340073,-1.590705,16.894154,24.581430,21.668766,13.238638,1.399931,7.834695,22.543524,28.450459,25.285110,13.821441,6.785321,10.545591,1.466640,14.085559,19.883392,19.096813,16.224522,10.285891,12.953306,16.395016,22.244186,23.763115,16.105938,9.748169,9.440669,5.567502,21.906996,24.154394,19.632109,15.695637,-3.949222,8.248102,21.616899,25.372278,19.313030,11.436719,12.203808,4.067261,3.315085,16.451979,20.884766,16.450323,8.643274,-18.386724,-3.833828,11.917266,21.298292,21.787436,16.722591,10.571132,13.935824,12.039657,21.849636,22.296959,15.151972,-3.774085,8.156848,16.197376,20.669323,16.635479,14.529017,12.997097,9.271708,5.961125,13.528806,13.561449,19.864748,18.585781,13.576159,6.402936,13.750530,20.698521,21.074844,16.583300,17.421909,19.323843,20.144276,16.665546,16.212208,21.721077,21.677116,23.352112,27.015324,24.517260,39.308807,38.551731,33.290909,35.412338,40.497051,48.795601,52.386276,47.861168,42.596798,34.541008,36.101070,35.935638,38.558155,41.692055,37.164158,24.474022,7.505877,16.240999,19.704990,15.859047,21.583973,14.816147,13.516325,15.939157,18.999855,24.905350,24.950188,11.250566,11.645737,8.780231,5.065546,14.863896,19.146008,13.393408,7.972286,8.698627,10.110794,12.904474,12.966347,9.335671,15.876438,8.712268,0.938663,-2.981049,13.228285,14.465273,-3.938837,3.687666,8.616802,9.767405,18.269751,22.564228,16.782589,7.190385,-0.569417,6.902530,7.631182,7.819514,11.622391,12.614080,13.228644,10.321758,7.359939,16.755716,18.849663,-2.607506,11.740502,8.421732,3.792540,11.043985,15.967136,6.379810,9.112010,4.919802,0.522147,10.252572,19.012562,17.944130,-15.462978,14.248983,13.067402,8.123502,11.996338,16.017506,9.476239,-1.839599,9.855370,11.303537,12.708385,17.258566,11.536108,14.266100,17.209484,11.913633,-7.183945,16.288263,19.549486,11.972326,-1.411548,-10.908264,0.177880,10.971751,15.068040,13.280653,2.580400,9.153305,-0.185531,6.206035,18.037800,16.684530,9.135019,14.371658,12.271062,10.702157,12.084155,14.272907,14.109621,16.689461,15.929860,14.897848,7.446298,20.960932,17.160057,20.754023,17.461266,9.543242,12.431133,28.029488,32.660313,32.119377,33.502560,33.789375,35.405380,41.070560,38.388645,38.415936,43.966919,41.377968,37.637142,32.409393,21.072865,21.905888,25.469009,24.474731,13.285297,-3.889186,19.820732,23.051748,13.434818,15.459690,-4.219748,8.093051,10.422350,12.677532,14.241572,15.314724,12.909605,12.463503,12.033048,11.387571,11.975274,16.162920,15.177563,10.007904,9.004066,12.288368,10.444361,1.492680,2.234447,12.109546,15.293081,13.990843,9.018745,7.022889,17.849005,18.779421,9.400037,9.293201,13.623684,6.699152,17.975313,18.107512,15.113182,14.258978,14.615086,-0.798291,13.530827,16.068569,12.157907,-8.201963,10.456500,12.509097,13.282387,17.868042,16.858221,15.498804,13.177632,-0.500170,13.471973,15.038288,16.582430,12.341628,8.899583,10.210637,9.989556,14.959343,18.470324,16.388477,-0.038396,5.952351,12.766640,-3.837142,13.838898,14.172438,12.784558,14.232529,13.411880,-2.159241,15.296106,17.186523,16.632542,11.828934,11.900474,5.792172,11.259900,15.651120,15.179012,9.548893,5.334070,6.074073,12.721081,15.013096,10.416088,4.325431,-3.008696,4.053826,11.475945,11.113397,15.799953,14.519061,12.497893,12.708211,3.339681,15.682125,20.565569,18.067650,10.375667,8.713732,11.939411,11.139751,9.887291,18.360193,15.146128,13.992065,21.604492,26.653027,34.550110,35.234600,31.177950,25.213053,28.401377,28.436611,39.811779
[0;32mI (11960) ANALISIS_ESPECTRO: Frame exportado | t=11.29 s | pico=46.9 Hz | 56.1 dB[0m
SPECTRUM_FRAME,12.316162,1000.000000,57.551964,hann,512,29.910721,31.035936,23.626122,20.886230,22.186577,44.106155,55.764004,54.459106,38.022076,24.043785,18.203999,21.986837,42.299458,45.777378,36.960327,13.702369,5.774380,9.106089,33.920792,41.505585,36.646507,3.061838,12.560373,4.380503,22.378429,35.670067,36.013214,20.384779,17.123882,4.184851,16.145632,29.061001,32.682632,25.931845,10.873024,-4.525722,10.007497,23.925970,34.328667,31.889038,11.370186,0.331271,13.452311,18.274727,37.655518,39.844841,29.499580,12.159639,8.788596,7.659942,27.447441,35.267132,30.565540,12.220860,9.976427,3.596678,23.122110,35.884789,35.648937,22.683849,9.883927,-10.813905,9.252472,30.451962,34.085579,24.703552,14.263701,9.440347,5.111954,28.117933,37.167892,34.385979,17.390537,6.275174,9.776225,13.324094,30.731140,32.665039,23.930387,13.044287,9.606489,10.239185,23.752213,30.940630,24.496832,11.707644,4.849450,-4.339060,19.985884,31.104164,29.919985,15.550892,5.006466,5.208721,6.016139,21.113514,26.198143,23.480667,8.131480,6.139093,2.635471,20.707741,29.666759,27.725933,18.839987,13.975516,6.269136,16.163614,18.823549,7.047873,13.729000,7.875161,-1.597546,3.677447,22.343981,29.022518,24.875359,10.865480,5.001599,23.172495,34.029404,47.234306,46.334381,32.016254,16.934210,21.970673,28.001814,53.988155,57.551964,48.724976,23.278149,14.788794,19.571135,36.444286,45.845951,42.011322,23.724976,16.849329,8.198148,16.373487,33.837872,34.725346,22.837698,15.740213,0.707046,10.458232,28.606197,31.973040,23.970032,1.008140,9.846253,13.721512,17.438917,24.464413,21.979473,8.422073,3.635069,-2.899997,5.956468,22.719555,24.541889,13.957996,2.470520,7.376224,5.436100,20.849091,26.402550,22.190292,6.423245,6.838005,13.218914,16.063759,27.087990,24.949934,9.381382,12.133934,9.059486,6.330044,13.477345,17.015900,14.784264,9.873488,7.112828,9.728516,15.686789,24.267054,21.166050,5.442784,6.080656,5.480418,11.368333,20.724976,21.017689,12.180091,4.664842,5.728831,9.418015,20.138552,24.204762,17.642456,5.832658,-0.680022,2.712840,14.299019,22.929964,20.248377,6.151416,5.344394,12.728659,13.651480,4.765246,16.046169,10.616894,9.549053,10.777765,2.703716,15.243817,22.470705,19.633066,14.753361,12.161673,-21.037395,13.318174,12.376771,14.025373,8.085894,-6.853394,13.286195,17.757729,22.980167,24.116297,14.789532,5.190577,7.130586,-1.703992,3.402367,17.418615,16.746723,11.408672,8.340631,5.193071,9.538740,23.721012,25.243681,15.286580,14.510386,14.260510,12.102087,28.386204,37.620701,35.005993,22.321054,2.877803,20.301960,27.878788,45.338745,45.893166,33.416122,31.555826,19.103790,7.956126,30.423325,37.644955,33.051846,22.781841,13.443317,14.875250,14.882601,18.698280,19.011934,17.479345,6.493907,-3.749595,10.218291,22.041121,24.705761,15.459508,3.621593,5.081316,6.808164,18.453323,21.985273,17.861427,17.286518,2.416316,11.654560,9.801308,16.226831,15.545798,0.593490,-15.015882,2.752879,0.777970,10.727368,14.330129,9.654215,9.467810,2.860394,9.439765,8.850323,21.064528,19.635450,12.257415,2.749532,4.929944,8.965324,15.129777,15.330392,12.833313,9.481931,5.673537,7.656021,11.671243,20.428989,14.810777,4.966210,2.086267,-1.248923,5.497278,13.368523,12.616968,3.246705,2.372626,4.955808,-3.584714,11.437756,16.490717,6.283245,0.109927,3.767418,5.977613,3.664100,14.024742,13.092510,7.854217,9.262323,10.824812,-3.535853,10.221655,12.923323,-2.581956,3.148870,-3.834870,-5.967456,12.202511,18.095270,14.361408,8.372022,7.295318,7.231724,11.276717,3.447454,3.407263,-14.887417,1.380738,11.141448,12.249065,14.038622,20.265274,15.562698,14.790009,9.667234,11.218796,2.618123,13.601813,9.471800,6.105736,4.197888,3.762686,6.600595,20.295353,20.926151,21.277992,18.547697,6.865652,15.575171,26.941818,33.774208,28.859867,22.290085,10.833005,21.693289,27.903757,43.385475,41.448372,28.874405,24.284576,17.329344,-9.662045,26.831745,30.875938,26.161890,24.225193,11.335325,9.018042,17.397495,25.977947,20.378553,20.035095,10.833751,5.483316,-5.119075,6.681529,7.081843,15.601633,11.871536,0.738675,0.973948,5.361787,11.168806,11.924574,14.155331,4.482057,-4.879896,3.841385,5.059075,6.795068,4.135267,0.536127,4.988220,9.572782,12.564276,12.893477,12.039028,8.679838,-2.034762,7.025050,12.175266,10.596734,4.840653,14.311610,11.942124,4.947136,-6.478679,6.599885,10.151234,16.402151,15.420331,3.736741,4.635894,8.887563,6.991199,8.665388,8.380139,2.879784,7.424294,10.695454,10.988084,12.178295,17.604858,13.829684,9.094934,-3.581026,5.464361,9.872931,15.941607,15.171259,3.930430,-0.436211,2.902515,3.392254,7.573158,14.706641,4.958085,7.275752,8.417487,-0.156684,1.648010,13.415491,7.831109,12.318154,11.114094,4.490387,10.395504,15.360287,14.704919,9.747153,10.648383,11.828186,11.324520,10.179226,6.639036,2.872029,7.052979,7.986684,9.355735,16.341805,15.525121,14.974071,12.834806,-9.762708,5.460563,7.121815,16.467793,20.857992,12.110042,9.263760,7.534523,18.969082,16.273993,15.318937,9.997500,17.234781,10.313936,27.292879,31.500736,30.683167,25.607666,8.639130,22.221174,31.230103,41.334885
[0;32mI (12970) ANALISIS_ESPECTRO: Frame exportado | t=12.32 s | pico=1000.0 Hz | 57.6 dB[0m
SPECTRUM_FRAME,13.338517,1000.000000,57.424324,hann,512,25.323275,17.095739,25.901554,23.147079,27.533865,43.144871,55.401096,54.146038,37.555408,23.167542,10.099257,24.868670,41.909073,45.123489,36.197914,15.898333,3.942469,6.804832,34.034458,41.686920,37.617641,17.775970,5.818659,8.102704,21.009468,35.631340,35.997749,24.758022,-0.034175,-0.944145,4.064550,27.743483,32.818760,26.257565,8.305565,9.921209,3.853091,24.747400,33.179585,30.368116,14.015464,5.601261,7.365867,19.018211,35.648075,37.301899,27.522879,3.454006,4.692011,9.354594,27.032684,34.846085,29.968206,8.113203,6.874285,3.795163,19.703697,33.563828,33.109203,18.173998,6.512671,3.826879,8.226533,29.766443,33.349899,24.995785,8.865906,-15.461288,2.617427,25.606541,34.926979,32.311234,15.584812,8.237560,0.780311,14.127357,30.184937,32.004478,22.916586,1.509558,3.007282,8.330991,12.322593,22.758980,22.947149,14.054462,0.260682,3.238616,19.345863,29.198757,27.707045,10.249843,-5.872277,3.838652,2.371049,23.338039,27.530096,22.093714,10.999229,9.211596,8.123566,21.843960,29.748333,28.107498,20.504002,15.177731,15.117208,13.247985,26.189985,29.089321,23.002577,9.794334,2.666100,12.785112,22.680687,27.872944,20.515411,13.690591,14.534259,13.771996,35.315983,46.709465,45.426693,27.227562,20.404903,18.479584,33.276718,54.076290,57.424324,48.374790,27.008938,0.955778,18.714975,38.248779,46.209450,41.552933,19.902193,20.824823,8.064607,16.887001,33.116623,34.776176,25.682266,10.185212,-2.717464,11.114644,14.770821,24.743273,18.751995,9.037724,9.859839,13.887195,8.232347,20.353615,22.481850,11.449937,5.345098,1.042089,-10.510853,21.640156,26.511974,20.461943,-9.671966,8.931248,11.845877,18.066454,27.172848,24.931461,14.430290,10.297867,8.240341,14.222327,26.585022,27.314373,18.148819,7.266643,7.496606,8.471586,16.995794,22.262735,14.461154,9.783656,2.508071,4.878648,10.998785,23.178146,21.853914,5.965283,6.690667,6.699229,-1.744827,19.065813,24.218601,20.120363,11.764668,-1.374686,-2.147201,17.548450,25.390684,22.860275,13.682981,3.479873,1.660807,14.884614,24.216583,23.859385,12.829465,4.910681,9.053504,10.121279,20.306561,23.606920,17.611914,5.407743,14.184458,14.787539,16.902409,23.476089,23.367861,18.398190,12.805214,1.616336,-2.327745,20.426920,22.920237,16.965120,10.269084,0.283592,-0.119910,14.177675,20.544136,12.571645,9.386347,-1.659155,7.330094,14.198151,13.397870,8.428095,13.758583,7.580373,9.064161,13.178236,22.067551,26.861982,23.909290,15.793485,12.442144,1.843418,28.271749,37.317032,33.656067,18.370525,19.053307,15.510601,27.166012,44.933529,45.803566,34.994492,32.455154,21.548082,13.249420,31.664927,37.088707,29.215675,19.578764,12.624282,10.616219,13.303049,13.384567,14.640190,16.819595,8.540403,3.585083,3.660911,25.115416,27.786633,16.949203,8.451966,6.055225,11.223774,12.953286,20.910995,21.607580,17.414753,6.893210,7.601435,12.063250,20.693319,22.252403,16.470182,8.777807,8.746901,-12.147432,13.871380,19.099113,16.266088,10.505801,6.557049,7.616801,15.140331,22.528181,22.123268,14.038606,7.621491,11.688507,11.682016,14.666607,19.112240,17.815798,6.004419,9.360626,1.285728,8.553958,18.682178,17.747879,10.884681,9.459971,4.280992,6.697073,17.386190,19.195278,14.315042,2.485674,-6.803624,8.740022,14.426474,17.547152,15.760802,14.265109,13.357438,8.942374,4.779160,17.557259,19.011034,15.168526,9.462396,9.591911,8.207193,14.424522,19.925667,17.211531,10.957135,7.059629,11.179909,13.532777,17.321335,13.892251,-0.254631,-4.952866,4.851634,9.546321,11.139986,15.873326,12.832809,6.144967,-0.615292,2.238084,17.205477,22.844706,22.204008,18.684519,12.576872,7.969882,1.174048,14.379512,12.941199,7.315750,6.481726,-1.916623,13.796612,23.085756,25.227186,22.050371,15.875713,10.300568,14.276219,26.376532,32.431229,20.594162,24.133259,-5.754952,22.434265,33.432846,43.492279,43.009525,34.717766,26.837959,20.616306,19.332424,29.670296,32.022984,22.119905,25.434635,4.500438,6.467568,18.889835,27.211435,27.076252,23.240845,15.485955,0.500130,2.006500,10.546771,12.426331,11.878889,12.108356,5.361295,0.819878,9.770859,16.161249,17.078957,12.966701,5.399056,-0.395134,5.818180,15.991807,16.003454,13.255264,-2.478431,7.433894,-2.398513,12.007260,17.875540,17.360996,13.938060,11.335543,10.744132,13.740617,16.854374,15.481699,10.458500,11.036072,4.686809,5.907516,13.702287,15.272089,12.120390,5.723938,3.587796,9.322456,11.953993,16.648121,15.319518,10.787997,8.155376,5.522262,8.899613,16.678417,18.665541,16.342133,7.975058,6.941206,-0.186395,10.257188,13.281052,13.331726,10.459883,-0.880540,-1.363939,10.794925,19.935432,19.193590,15.103695,8.544492,8.019562,11.063307,16.256832,20.552452,20.549751,13.706144,3.861779,8.175620,15.817618,20.066984,20.267048,16.692053,8.354351,-10.774992,8.233851,12.780386,13.053088,15.931562,12.797674,3.528462,1.146924,16.073645,17.669962,14.347706,14.027753,10.542993,12.760076,15.293119,14.678118,20.158655,21.583311,7.394279,6.110626,-6.003293,4.953494,18.494404,22.054226,18.070850,17.385216,15.869778,27.478031,28.961641,21.192348,26.769026,15.582325,20.635443,34.031445,41.876217
[0;32mI (14000) ANALISIS_ESPECTRO: Frame exportado | t=13.34 s | pico=1000.0 Hz | 57.4 dB[0m
SPECTRUM_FRAME,14.360882,1000.000000,57.597595,hann,512,29.990696,32.608894,28.005234,19.411747,28.165033,44.159515,55.844913,54.416809,37.901562,20.753300,21.820257,19.863899,42.294945,45.474796,35.031288,21.788727,-2.667264,12.758122,31.904648,40.233959,35.714157,-2.504489,14.453867,11.163256,19.061424,33.261959,33.459805,20.658091,15.076004,13.949564,11.025286,22.436296,26.235104,17.177053,13.583640,8.555885,11.334469,22.069853,32.714870,30.082111,13.670259,6.024094,14.726071,17.841038,37.884464,39.912418,29.041122,7.425020,11.439869,3.751746,26.249372,32.045624,26.286192,8.147234,9.390815,11.305194,17.797680,31.648441,31.181376,19.280733,-6.839649,6.183625,9.796201,27.411991,31.220028,21.921043,14.625950,5.212603,2.388088,26.379034,34.169533,30.643131,13.277452,5.943083,-1.358787,14.972229,26.955254,27.465103,10.954261,12.450438,4.190789,4.446198,27.031687,33.955242,30.135344,12.155961,3.639562,-9.582053,17.644758,29.371803,28.626751,13.480048,5.289029,1.675485,11.184193,18.584534,22.099781,20.943920,14.420857,7.513489,12.539531,13.927074,23.035233,19.097559,16.750069,14.046880,10.290278,9.451217,28.068752,30.066225,22.647154,14.807510,15.810532,13.846344,23.334377,28.192429,22.992058,17.879847,13.983519,17.689098,35.725655,47.095161,46.211571,32.246929,12.889225,19.011814,32.365002,54.189686,57.597595,48.846607,21.328060,16.921700,15.342472,38.945366,46.914360,43.272587,26.128237,13.650135,14.642838,16.955162,32.791107,33.173744,18.347153,0.760429,12.494807,-8.810022,28.808327,34.225643,28.723049,11.232683,0.477008,6.407374,15.814518,21.877077,19.415333,8.722917,7.739551,10.492097,13.150604,20.591187,20.377762,2.640718,4.712195,-5.278688,2.552435,18.854473,25.824137,21.009258,3.866095,0.614048,0.628425,18.095184,29.892467,29.788923,19.306414,7.797032,6.715421,4.547743,8.094083,16.125746,14.737293,13.514235,11.592569,13.638059,16.026043,25.361137,21.678551,2.007139,3.215865,7.177952,11.803757,22.453133,23.826004,17.282774,13.583765,3.613133,10.151333,23.704672,27.892324,23.830055,14.501953,8.531560,8.446400,8.598786,19.997448,19.182898,8.851499,5.075444,2.779649,10.933951,19.612341,20.885353,17.521044,12.965895,5.175007,9.591694,13.364172,22.853210,20.036852,12.608681,8.180586,2.834751,5.254991,12.821361,16.140549,12.591171,8.649802,9.037359,11.846096,4.423809,18.931843,16.601929,8.866232,1.929520,2.053203,3.753980,18.058353,18.871805,12.350180,3.005240,4.794805,13.724157,12.135552,2.814039,15.936948,15.927856,1.665421,7.681298,28.727167,37.433830,33.499485,18.721046,11.329292,0.803874,31.869492,45.702576,47.365723,41.082390,33.121449,26.540962,19.860085,30.086380,36.364418,30.595037,20.640640,16.821590,14.693198,-3.250546,22.017212,19.325064,18.886803,16.358440,13.819334,8.902274,19.710083,22.480852,12.614318,10.836486,8.457746,9.247670,10.446541,19.865910,13.574131,14.556603,4.266744,7.412589,9.463123,14.883851,15.017891,2.289485,6.839922,2.276171,4.791181,6.950345,14.321720,10.703659,10.428677,9.346656,5.788007,8.549903,19.786667,17.046404,7.958241,-3.292287,3.137850,5.565660,9.965505,10.064716,9.796232,8.399370,-8.327266,7.623279,12.584164,18.501289,14.792316,6.442565,-3.797305,3.379519,5.134833,11.727146,12.189174,9.420788,4.420063,-1.621541,1.694484,13.409517,16.252434,13.783965,5.815015,1.071502,5.150003,5.844236,13.993639,7.737782,7.040861,3.313509,6.659030,9.641879,14.701114,15.250557,4.927787,4.653556,5.707720,6.900761,12.494951,16.430874,13.748785,10.595063,12.356268,11.656756,4.564683,2.870100,0.809112,12.833035,12.453879,5.175920,-0.314645,12.939444,17.213858,3.413229,12.278250,7.107981,7.595503,10.472404,12.031981,10.828617,12.193306,12.307722,13.263650,9.879686,18.158028,18.241522,16.579458,15.849106,17.010303,19.635128,29.808212,34.149925,30.432690,21.732557,10.937123,18.857939,34.072720,44.046131,42.357708,32.477612,28.400898,16.890461,19.684204,28.991028,31.547539,28.093681,24.377480,17.738510,15.993804,8.957461,23.140127,18.474348,14.273273,4.039056,6.986672,5.460470,10.986787,15.093746,13.910533,11.579998,9.587822,5.618766,-2.400896,1.156495,8.818090,8.038386,7.092299,7.648678,5.118438,8.155509,9.908134,10.911617,7.539178,-0.040768,-14.157261,10.819196,14.652553,14.235288,9.702475,-1.595055,8.257218,13.033639,14.042701,11.841724,10.047926,0.430775,7.543923,6.564741,9.476114,13.884295,14.527567,10.062826,-2.809973,4.784805,4.458277,14.162321,14.560803,14.267151,14.676649,14.483409,3.699092,14.171033,12.183937,15.187169,9.051138,6.888046,10.854712,13.756697,14.468175,16.813828,15.298148,-1.853788,1.771709,12.695879,17.798212,14.596718,10.103125,3.276228,7.991781,9.046722,11.935455,16.249172,16.922552,14.302753,7.559828,3.004559,8.463897,13.301107,15.045712,13.054103,-1.566173,1.626674,-5.061542,3.831750,6.672906,4.455004,4.909244,5.732821,7.853642,11.593361,10.295583,11.739183,10.630637,-5.731165,1.859901,11.582687,18.055431,18.168495,16.662796,7.078465,8.474896,11.543302,14.310351,-4.344292,18.735102,15.173712,6.040421,13.781772,27.336523,31.015177,29.959270,26.894051,1.258659,20.974150,35.913574,42.956120
[0;32mI (15020) ANALISIS_ESPECTRO: Frame exportado | t=14.36 s | pico=1000.0 Hz | 57.6 dB[0m
SPECTRUM_FRAME,15.383239,46.875000,56.793896,hann,512,28.318779,27.655617,19.234001,20.043858,30.871115,44.836575,56.793896,55.350395,38.605774,8.288102,30.135147,30.297775,46.858574,49.468571,39.454113,15.602685,28.555136,32.368195,33.895576,43.729382,39.178337,12.340487,18.389170,28.221657,12.349609,41.058342,41.879940,26.107716,21.911205,22.586456,25.671215,33.991917,38.687672,31.320074,20.883316,20.954685,28.729679,25.845356,22.664988,21.815527,15.635435,26.754814,25.507759,24.743324,34.080467,37.270508,27.192307,27.170122,28.113682,24.526871,25.370945,33.467907,23.357534,22.954294,29.386169,25.415812,15.449631,22.346878,22.598747,14.921171,24.770987,26.492218,21.563763,19.032345,27.523060,25.530264,20.185429,18.338787,24.546741,23.414440,29.253645,32.491871,26.025967,21.652618,16.843409,22.898643,33.256554,36.088387,26.840397,30.969851,31.565331,32.730251,34.287308,37.401829,33.736511,27.609522,34.751934,35.386009,34.739422,30.231148,31.885963,33.165009,27.455864,30.890751,31.632378,24.116495,18.826649,29.410118,34.940880,36.081120,32.268921,24.922188,31.550659,24.312380,27.941978,31.990671,29.702972,16.664351,29.794163,28.880598,20.338507,22.519979,16.995552,16.480492,27.507496,30.827234,25.083017,19.893860,15.575862,20.566124,19.834072,28.520252,29.611952,23.216331,6.144404,14.327148,11.241732,14.544365,22.179371,21.298630,21.693439,21.972464,19.008867,17.831438,16.706745,12.921185,23.084888,20.814384,10.964126,5.958967,15.168529,20.668764,19.790447,8.117629,13.283243,10.384882,20.364021,23.412712,23.246744,11.655574,19.835384,17.165504,17.227703,20.270229,16.234390,16.354897,7.777558,16.442011,19.256355,11.681412,10.316526,12.823324,15.010843,16.923994,16.799778,16.508625,8.086911,16.152277,17.119205,7.849316,20.153656,22.904110,21.574970,16.842577,20.794197,22.862072,19.783958,8.623758,19.048660,14.923557,12.465357,19.236160,18.997501,7.728591,4.459412,12.112680,16.872440,12.031717,10.611167,18.155548,15.214810,9.251294,12.159418,14.124423,11.832773,6.941790,11.779180,13.218519,11.462880,10.207853,-4.077507,11.434035,17.932293,19.456150,12.707486,8.401605,0.012345,7.407135,11.299244,12.646021,2.352020,4.016314,8.877317,8.659945,14.303043,17.243013,13.767987,6.927367,-0.109894,-3.082960,9.349385,7.598427,6.304001,8.677064,6.550317,3.484215,7.184751,3.252772,-0.220714,5.561543,11.144795,11.150938,4.721522,1.581531,2.565619,8.764833,12.943235,11.610781,9.993245,-1.733335,5.694150,-1.671093,8.304420,13.511923,16.886097,12.942768,6.244056,5.165442,10.952311,12.508625,12.448975,12.821383,5.430812,6.676750,11.193000,13.022404,14.287201,16.810642,14.693359,3.622591,8.507409,14.345407,11.986177,-0.036890,3.390267,4.750293,1.274437,11.961086,13.395327,7.650799,-3.581440,5.491825,-0.399663,8.365336,-9.932018,13.072166,14.135025,10.269723,9.153675,-1.151927,9.177636,7.653315,12.178829,12.615489,12.253324,10.924843,-0.223558,-8.679022,7.807402,6.304974,10.615963,12.004215,-8.243377,11.406540,15.842665,14.181578,8.392691,5.674747,8.027332,12.322786,16.615009,16.015541,6.136813,8.023606,14.257647,13.616142,11.755674,10.067979,10.122624,-0.134438,10.373224,14.392161,12.232916,-1.129053,8.306223,8.414430,4.678212,4.873785,0.218108,-0.844957,4.996580,7.051940,7.720301,6.895772,0.445790,6.258749,3.496037,-14.830880,2.397991,9.246624,10.584031,9.518290,-2.744505,6.040760,10.477001,9.184903,-8.188099,1.312757,2.094287,-3.673782,-14.094156,8.840612,10.554172,12.185613,11.568743,6.084557,-10.054593,9.133316,12.282348,14.057603,12.115141,8.388127,5.869655,4.623456,-0.446693,4.085491,7.094661,10.456630,12.655544,7.936778,9.228506,10.460305,5.352970,1.274089,9.126709,7.805037,3.229794,-2.863268,1.406826,6.236873,10.783962,11.038289,9.500052,8.546335,4.947983,-17.091251,8.016621,13.734804,13.792459,10.239977,7.232904,5.306178,1.139940,0.929370,7.463242,11.190664,5.977382,9.406521,8.198811,0.635582,12.059015,7.851813,-2.007353,1.928527,12.080185,14.844667,10.687450,4.130076,-9.719793,7.870796,7.158528,2.856758,1.061207,4.763318,1.510136,7.242966,11.598557,3.969657,-2.435454,2.710858,-11.165682,2.687252,-3.430089,5.731183,6.376283,4.371798,7.391953,1.805934,-0.953862,1.818526,1.257788,-8.221282,1.946433,7.757507,5.277219,-25.168594,5.533031,6.304973,6.492942,3.524604,3.068300,2.050102,-5.838675,1.916159,1.190052,6.925791,5.318427,-0.663780,-8.817165,-0.581829,6.368775,8.293491,0.332149,3.996926,12.627535,11.988874,12.270550,11.305920,10.165333,5.521983,-3.287719,-1.485790,5.201118,9.520058,13.344779,13.032267,10.750041,6.185575,4.701201,5.029946,-32.656132,7.592159,10.520533,5.860653,7.176319,10.974914,10.035080,6.406253,-3.058328,3.448183,-1.396756,-1.994103,-2.175448,-0.013230,4.601961,4.387929,2.914201,3.146372,5.831690,9.442741,7.264758,6.505464,14.072483,13.350959,-1.659953,3.060281,-1.082822,2.892508,6.430168,9.486467,-5.128891,10.935184,9.714461,-0.974276,2.718493,6.864119,9.580676,11.333833,8.260248,5.859055,8.795601,9.089548,7.469132,10.232309,9.741611,9.164836,5.737329,-0.939501,3.820632,3.152197,8.312446,4.515280
[0;32mI (16040) ANALISIS_ESPECTRO: Frame exportado | t=15.38 s | pico=46.9 Hz | 56.8 dB[0m
